1_0356 2 0.455726198509 0.544273801491 1
1_0365 2 0.455808282957 0.544191717043 1
1_0165 2 0.458581453812 0.541418546188 1
1_0099 1 0.541986045589 0.458013954411 1
2_0256 2 0.45574588889 0.54425411111 2
1_0193 2 0.455725287607 0.544274712393 1
1_0319 1 0.561491173088 0.438508826912 1
2_0115 1 0.548052911661 0.451947088339 2
2_0359 1 0.629371092691 0.370628907309 2
1_0239 1 0.513834339297 0.486165660703 1
1_0329 2 0.455725287607 0.544274712393 1
2_0105 2 0.455728861007 0.544271138993 2
1_0184 2 0.455725833545 0.544274166455 1
2_0049 2 0.455730823626 0.544269176374 2
2_0222 2 0.455738555913 0.544261444087 2
1_0207 1 0.686798964392 0.313201035608 1
1_0247 2 0.470727266192 0.529272733808 1
1_0245 1 0.819070344599 0.180929655401 1
1_0368 1 0.519965784366 0.480034215634 1
1_0339 1 0.802301074701 0.197698925299 1
1_0378 2 0.455725287607 0.544274712393 1
2_0342 2 0.465396615844 0.534603384156 2
2_0259 1 0.647618190909 0.352381809091 2
1_0027 2 0.459314783921 0.540685216079 1
1_0167 2 0.455726352184 0.544273647816 1
1_0384 2 0.455725287984 0.544274712016 1
2_0305 2 0.465335968683 0.534664031317 2
1_0352 2 0.455725910031 0.544274089969 1
2_0364 2 0.458699228447 0.541300771553 2
1_0324 2 0.455725345635 0.544274654365 1
2_0217 2 0.455725287607 0.544274712393 2
1_0045 1 0.805209776084 0.194790223916 1
1_0328 2 0.455725287608 0.544274712392 1
2_0054 2 0.455725860985 0.544274139015 2
1_0211 2 0.456090720607 0.543909279393 1
1_0073 1 0.560989833041 0.439010166959 1
2_0248 2 0.457325150541 0.542674849459 2
1_0171 2 0.455725287607 0.544274712393 1
2_0071 2 0.455725287607 0.544274712393 2
1_0044 2 0.455729869717 0.544270130283 1
1_0322 2 0.455738463932 0.544261536068 1
1_0180 1 0.786663615359 0.213336384641 1
1_0123 1 0.87663016663 0.12336983337 1
2_0343 2 0.455725287608 0.544274712392 2
1_0059 2 0.45609275344 0.54390724656 1
1_0385 2 0.455725287607 0.544274712393 1
1_0047 2 0.45611578655 0.54388421345 1
1_0255 2 0.455725392253 0.544274607747 1
1_0072 2 0.45577618049 0.54422381951 1
2_0036 2 0.455725291496 0.544274708504 2
1_0205 2 0.455725287592 0.544274712408 1
1_0014 2 0.455725287607 0.544274712393 1
1_0216 2 0.455725287751 0.544274712249 1
1_0074 2 0.481598097199 0.518401902801 1
1_0223 2 0.455725287607 0.544274712393 1
1_0062 2 0.455725290546 0.544274709454 1
1_0023 2 0.4557252876 0.5442747124 1
1_0154 1 0.562668642188 0.437331357812 1
1_0092 2 0.455725287676 0.544274712324 1
1_0345 1 0.535500191748 0.464499808252 1
2_0252 2 0.458188555827 0.541811444173 2
1_0136 2 0.455725287607 0.544274712393 1
1_0373 2 0.467468146255 0.532531853745 1
1_0286 2 0.456084206264 0.543915793736 1
1_0267 1 0.944388747319 0.0556112526809 1
1_0091 1 0.587556744888 0.412443255112 1
2_0382 2 0.455725287607 0.544274712393 2
1_0338 1 0.735346702766 0.264653297234 1
1_0332 2 0.455725287607 0.544274712393 1
2_0271 2 0.455725287607 0.544274712393 2
2_0083 1 0.512062318998 0.487937681002 2
1_0344 2 0.455725287693 0.544274712307 1
1_0334 1 0.66316992425 0.33683007575 1
1_0009 2 0.455725310381 0.544274689619 1
1_0110 2 0.455725287607 0.544274712393 1
1_0263 2 0.455725287607 0.544274712393 1
2_0374 2 0.455725287607 0.544274712393 2
1_0108 1 0.742103200042 0.257896799958 1
1_0208 1 0.815759752567 0.184240247433 1
1_0056 2 0.456439689303 0.543560310697 1
1_0116 2 0.455725288782 0.544274711218 1
2_0327 2 0.455725287607 0.544274712393 2
1_0077 2 0.480875759057 0.519124240943 1
1_0278 2 0.455725287607 0.544274712393 1
2_0150 1 0.561819414454 0.438180585546 2
1_0022 2 0.455725287607 0.544274712393 1
2_0282 2 0.482706684359 0.517293315641 2
2_0153 2 0.388489709387 0.611510290613 2
1_0325 2 0.455739932318 0.544260067682 1
1_0276 1 0.699836934618 0.300163065382 1
2_0357 2 0.4557252945 0.5442747055 2
1_0053 2 0.455725287607 0.544274712393 1
1_0149 2 0.456841340468 0.543158659532 1
1_0000 2 0.455725287607 0.544274712393 1
1_0183 2 0.45572536479 0.54427463521 1
2_0194 1 0.726480880685 0.273519119315 2
2_0226 2 0.455725287607 0.544274712393 2
1_0088 2 0.110682994437 0.889317005563 1
2_0075 2 0.455725287607 0.544274712393 2
1_0181 1 0.791979027846 0.208020972154 1
1_0349 2 0.459895160982 0.540104839018 1
1_0302 2 0.455725336691 0.544274663309 1
2_0147 2 0.455725287631 0.544274712369 2
1_0057 2 0.461295113867 0.538704886133 1
1_0224 2 0.39103778873 0.60896221127 1
2_0051 2 0.455807898567 0.544192101433 2
1_0006 2 0.4557252876 0.5442747124 1
1_0283 2 0.475598662126 0.524401337874 1
2_0176 2 0.455725287607 0.544274712393 2
1_0109 2 0.455725294811 0.544274705189 1
1_0024 2 0.455900514728 0.544099485272 1
1_0346 1 0.522513653251 0.477486346749 1
1_0120 2 0.455812089585 0.544187910415 1
2_0135 2 0.455725287607 0.544274712393 2
1_0139 2 0.455922349909 0.544077650091 1
1_0196 2 0.46293053358 0.53706946642 1
1_0341 1 0.684294470629 0.315705529371 1
1_0289 2 0.456002749596 0.543997250404 1
2_0187 2 0.455725287607 0.544274712393 2
1_0244 2 0.390836853281 0.609163146719 1
2_0050 2 0.455728279433 0.544271720567 2
1_0067 1 0.602810757067 0.397189242933 1
1_0265 2 0.455817444482 0.544182555518 1
1_0386 2 0.477386373753 0.522613626247 1
2_0173 2 0.455725287607 0.544274712393 2
1_0046 2 0.455725361402 0.544274638598 1
1_0209 2 0.463611364803 0.536388635197 1
1_0281 2 0.455757806034 0.544242193966 1
2_0029 2 0.455725287607 0.544274712393 2
2_0376 2 0.455725287607 0.544274712393 2
2_0203 2 0.455725844722 0.544274155278 2
1_0089 2 0.455827711586 0.544172288414 1
1_0219 2 0.158343730307 0.841656269693 1
1_0197 2 0.455725287607 0.544274712393 1
1_0160 2 0.455725287607 0.544274712393 1
1_0198 2 0.455725294348 0.544274705652 1
2_0010 2 0.45572530458 0.54427469542 2
1_0026 2 0.455725287384 0.544274712616 1
1_0326 2 0.46445089974 0.53554910026 1
1_0128 2 0.45578268846 0.54421731154 1
1_0132 2 0.455725287607 0.544274712393 1
1_0375 1 0.539917236513 0.460082763487 1
1_0013 2 0.455725287607 0.544274712393 1
1_0288 2 0.474720715873 0.525279284127 1
1_0240 2 0.466338987458 0.533661012542 1
1_0297 2 0.455725287607 0.544274712393 1
1_0012 2 0.455730168181 0.544269831819 1
1_0371 2 0.455727034566 0.544272965434 1
1_0127 2 0.457333036914 0.542666963086 1
2_0016 2 0.455725287607 0.544274712393 2
1_0243 1 0.645179938227 0.354820061773 1
2_0260 2 0.455725287607 0.544274712393 2
2_0249 2 0.455725287621 0.544274712379 2
1_0200 2 0.455725287607 0.544274712393 1
1_0008 2 0.456771042794 0.543228957206 1
1_0043 1 0.5 0.5 1
1_0190 2 0.455725287607 0.544274712393 1
2_0380 2 0.488816155788 0.511183844212 2
2_0098 2 0.456657348457 0.543342651543 2
1_0164 2 0.455725287621 0.544274712379 1
1_0188 2 0.455725287597 0.544274712403 1
1_0308 2 0.455823844541 0.544176155459 1
1_0112 1 0.771857437414 0.228142562586 1
2_0235 2 0.455761614495 0.544238385505 2
1_0055 2 0.489580951323 0.510419048677 1
1_0295 1 0.702475490685 0.297524509315 1
1_0358 2 0.456026461101 0.543973538899 1
1_0195 2 0.457096576824 0.542903423176 1
2_0169 1 0.537493615219 0.462506384781 2
