1_0000 1 0.9925 0.0075 1
1_0006 1 0.9925 0.0075 1
1_0008 1 0.9925 0.0075 1
1_0009 1 0.9925 0.0075 1
2_0010 2 0.0342 0.9658 2
1_0012 0 0.0 0.0 1
1_0013 1 0.9925 0.0075 1
1_0014 1 0.996 0.004 1
2_0016 2 0.0066 0.9934 2
1_0022 1 0.996 0.004 1
1_0023 1 0.9925 0.0075 1
1_0024 1 0.9925 0.0075 1
1_0026 1 0.9925 0.0075 1
1_0027 1 0.9925 0.0075 1
2_0029 0 0.0 0.0 2
2_0036 2 0.0342 0.9658 2
1_0043 1 0.996 0.004 1
1_0044 1 0.9925 0.0075 1
1_0045 1 0.9925 0.0075 1
1_0046 1 0.9925 0.0075 1
1_0047 1 0.9925 0.0075 1
2_0049 2 0.0342 0.9658 2
2_0050 2 0.0342 0.9658 2
2_0051 0 0.0 0.0 2
1_0053 1 0.9925 0.0075 1
2_0054 2 0.0066 0.9934 2
1_0055 1 0.9943 0.0057 1
1_0056 1 0.996 0.004 1
1_0057 1 0.9925 0.0075 1
1_0059 1 0.9943 0.0057 1
1_0062 1 0.9943 0.0057 1
1_0067 1 0.996 0.004 1
2_0071 0 0.0 0.0 2
1_0072 1 0.9925 0.0075 1
1_0073 1 0.9925 0.0075 1
1_0074 0 0.0 0.0 1
2_0075 0 0.0 0.0 2
1_0077 1 0.996 0.004 1
2_0083 0 0.0 0.0 2
1_0088 1 0.996 0.004 1
1_0089 1 0.9925 0.0075 1
1_0091 1 0.9943 0.0057 1
1_0092 1 0.996 0.004 1
2_0098 2 0.0066 0.9934 2
1_0099 1 0.996 0.004 1
2_0105 0 0.0 0.0 2
1_0108 1 0.8333 0.1667 1
1_0109 1 0.996 0.004 1
1_0110 1 0.8889 0.1111 1
1_0112 1 0.996 0.004 1
2_0115 2 0.0342 0.9658 2
1_0116 1 0.9925 0.0075 1
1_0120 1 0.996 0.004 1
1_0123 0 0.0 0.0 1
1_0127 0 0.0 0.0 1
1_0128 1 0.9943 0.0057 1
1_0132 0 0.0 0.0 1
2_0135 0 0.0 0.0 2
1_0136 0 0.0 0.0 1
1_0139 1 0.996 0.004 1
2_0147 0 0.0 0.0 2
1_0149 1 0.9943 0.0057 1
2_0150 0 0.0 0.0 2
2_0153 2 0.0066 0.9934 2
1_0154 1 0.9943 0.0057 1
1_0160 0 0.0 0.0 1
1_0164 1 0.9943 0.0057 1
1_0165 1 0.996 0.004 1
1_0167 1 0.996 0.004 1
2_0169 0 0.0 0.0 2
1_0171 0 0.0 0.0 1
2_0173 0 0.0 0.0 2
2_0176 0 0.0 0.0 2
1_0180 1 0.9925 0.0075 1
1_0181 1 0.9925 0.0075 1
1_0183 1 0.996 0.004 1
1_0184 0 0.0 0.0 1
2_0187 0 0.0 0.0 2
1_0188 0 0.0 0.0 1
1_0190 0 0.0 0.0 1
1_0193 0 0.0 0.0 1
2_0194 2 0.0294 0.9706 2
1_0195 1 0.996 0.004 1
1_0196 1 0.9925 0.0075 1
1_0197 1 0.9925 0.0075 1
1_0198 1 0.9925 0.0075 1
1_0200 0 0.0 0.0 1
2_0203 0 0.0 0.0 2
1_0205 1 0.9925 0.0075 1
1_0207 1 0.9925 0.0075 1
1_0208 1 0.9925 0.0075 1
1_0209 1 0.9925 0.0075 1
1_0211 1 0.996 0.004 1
1_0216 0 0.0 0.0 1
2_0217 0 0.0 0.0 2
1_0219 1 0.9925 0.0075 1
2_0222 0 0.0 0.0 2
1_0223 0 0.0 0.0 1
1_0224 1 0.9943 0.0057 1
2_0226 0 0.0 0.0 2
2_0235 0 0.0 0.0 2
1_0239 0 0.0 0.0 1
1_0240 0 0.0 0.0 1
1_0243 0 0.0 0.0 1
1_0244 0 0.0 0.0 1
1_0245 1 0.996 0.004 1
1_0247 1 0.996 0.004 1
2_0248 2 0.0066 0.9934 2
2_0249 0 0.0 0.0 2
2_0252 2 0.0149 0.9851 2
1_0255 1 0.9943 0.0057 1
2_0256 0 0.0 0.0 2
2_0259 2 0.0342 0.9658 2
2_0260 0 0.0 0.0 2
1_0263 0 0.0 0.0 1
1_0265 0 0.0 0.0 1
1_0267 1 0.9943 0.0057 1
2_0271 2 0.0342 0.9658 2
1_0276 1 0.9925 0.0075 1
1_0278 0 0.0 0.0 1
1_0281 0 0.0 0.0 1
2_0282 0 0.0 0.0 2
1_0283 0 0.0 0.0 1
1_0286 0 0.0 0.0 1
1_0288 0 0.0 0.0 1
1_0289 1 0.9 0.1 1
1_0295 0 0.0 0.0 1
1_0297 0 0.0 0.0 1
1_0302 0 0.0 0.0 1
2_0305 0 0.0 0.0 2
1_0308 0 0.0 0.0 1
1_0319 1 0.996 0.004 1
1_0322 0 0.0 0.0 1
1_0324 0 0.0 0.0 1
1_0325 0 0.0 0.0 1
1_0326 0 0.0 0.0 1
2_0327 2 0.0342 0.9658 2
1_0328 0 0.0 0.0 1
1_0329 0 0.0 0.0 1
1_0332 0 0.0 0.0 1
1_0334 0 0.0 0.0 1
1_0338 1 0.996 0.004 1
1_0339 1 0.996 0.004 1
1_0341 1 0.996 0.004 1
2_0342 2 0.0342 0.9658 2
2_0343 2 0.0342 0.9658 2
1_0344 1 0.9925 0.0075 1
1_0345 1 0.9925 0.0075 1
1_0346 0 0.0 0.0 1
1_0349 0 0.0 0.0 1
1_0352 0 0.0 0.0 1
1_0356 1 0.9925 0.0075 1
2_0357 2 0.0342 0.9658 2
1_0358 1 0.9925 0.0075 1
2_0359 2 0.0342 0.9658 2
2_0364 0 0.0 0.0 2
1_0365 0 0.0 0.0 1
1_0368 0 0.0 0.0 1
1_0371 1 0.996 0.004 1
1_0373 1 0.9925 0.0075 1
2_0374 2 0.0043 0.9957 2
1_0375 1 0.9925 0.0075 1
2_0376 2 0.0102 0.9898 2
1_0378 1 0.996 0.004 1
2_0380 0 0.0 0.0 2
2_0382 0 0.0 0.0 2
1_0384 0 0.0 0.0 1
1_0385 0 0.0 0.0 1
1_0386 0 0.0 0.0 1
