1_23.jpg	0 0 1 0 0 0 1 0 1 0 0 0 0 0 0 1 0 2 0 3 1 0 1 0 2 0 1 0 0 0 0 0 0 1 0 1 0 0 0 0 1 0 0 4 0 0 0 1 0 0 0 0 3 0 0 1 0 0 1 0 0 0 0 1 0 0 0 0 0 0 0 0 0 1 2 0 0 0 1 2 0 0 0 0 0 1 0 3 0 2 0 0 0 0 0 0 0 3 0 1 2 0 0 0 1 0 3 0 0 0 0 0 1 0 0 0 0 0 5 2 0 0 0 0 0 0 0 0 0 2 1 1 0 0 0 0 0 0 0 0 0 0 0 2 1 0 0 0 0 0 0 0 1 0 0 0 1 2 0 0 0 0 0 4 0 0 2 2 0 0 0 0 0 0 0 0 0 0 0 0 0 1 0 0 0 0 2 0 1 0 0 1 0 0 0 0 0 0 0 0
1_10.jpg	0 0 0 0 1 0 0 2 1 1 0 0 0 1 1 0 0 0 3 0 0 0 0 0 0 2 1 0 1 0 1 0 2 2 0 1 0 0 3 0 1 0 2 0 0 0 0 1 0 0 1 0 0 0 0 0 0 0 3 1 1 0 0 0 0 0 6 0 0 2 0 0 3 0 1 0 0 0 0 0 0 1 0 3 0 1 1 1 1 0 0 0 0 0 1 0 1 4 1 0 2 1 0 0 1 0 1 1 0 0 0 1 0 1 0 2 2 0 0 0 0 0 0 2 1 0 0 0 1 3 1 1 0 0 0 0 2 0 0 0 0 1 2 0 0 0 0 2 0 0 1 1 2 0 0 0 0 0 0 0 0 2 0 1 0 1 0 0 0 0 0 1 1 0 0 1 0 0 0 1 0 0 0 0 0 2 0 0 1 0 0 1 0 3 0 0 0 0 0 0
1_18.jpg	0 0 0 0 0 0 0 0 1 0 0 0 0 1 0 0 0 0 0 2 0 0 1 0 0 0 0 0 0 0 0 0 0 0 0 0 0 0 0 0 2 0 2 0 0 0 0 0 1 0 0 0 0 0 0 2 0 0 0 0 0 0 3 0 0 0 0 0 0 0 0 0 0 0 1 0 0 0 1 0 0 0 0 0 0 0 0 1 0 0 0 0 0 0 0 1 0 0 0 0 1 0 0 0 0 0 0 0 0 0 0 0 0 0 0 0 0 0 1 0 0 0 0 0 0 0 0 0 0 3 0 0 0 0 0 0 0 1 0 0 0 2 0 0 0 0 0 1 0 0 0 0 0 0 0 0 0 0 0 0 1 0 0 2 0 0 0 0 0 1 0 0 0 0 0 0 0 0 0 0 0 0 0 0 0 0 0 0 0 1 0 0 0 0 0 0 0 0 0 0
2_41.jpg	1 0 0 0 0 0 0 1 0 0 0 0 0 0 0 0 1 0 0 0 0 0 0 0 1 0 0 0 0 0 0 0 0 0 0 0 0 1 0 0 0 0 0 0 0 1 0 1 0 1 0 0 0 0 0 0 0 1 0 0 0 0 0 0 0 0 0 0 0 0 2 0 0 0 0 0 0 0 0 0 0 0 0 0 1 0 0 1 3 0 0 0 0 0 0 0 1 0 0 0 0 0 1 0 0 0 0 0 0 0 0 0 0 0 0 0 1 0 0 0 0 0 0 0 0 0 1 0 0 1 0 0 0 0 0 0 1 0 0 0 0 0 0 0 0 0 0 1 0 0 0 0 1 0 1 0 0 0 0 0 0 0 0 0 1 0 0 0 0 1 0 0 0 0 0 0 0 0 0 0 0 0 0 0 0 0 0 1 0 0 0 0 1 0 0 0 0 1 0 0
1_53.jpg	0 0 0 0 0 0 0 0 1 0 0 0 0 0 0 0 0 4 0 1 0 4 0 0 1 0 3 0 0 0 0 0 0 1 0 1 0 0 0 0 3 0 1 1 0 1 0 1 0 0 2 0 2 0 0 0 2 0 0 0 0 0 0 0 0 0 0 0 0 0 0 1 1 0 1 0 0 1 1 0 0 0 0 1 1 1 0 0 1 2 0 0 0 0 0 1 0 0 0 0 1 0 0 0 0 0 2 0 0 0 0 0 1 0 0 3 1 0 5 5 0 0 0 0 0 0 0 0 0 2 0 0 0 0 1 0 0 0 0 0 0 0 0 0 0 0 0 0 0 0 2 1 4 0 0 0 0 1 0 0 0 0 0 1 0 0 2 0 0 0 0 0 1 0 0 3 0 0 0 0 0 0 0 0 0 0 2 0 1 0 0 5 1 0 0 0 0 0 0 0
2_11.jpg	9 0 0 0 0 0 0 0 0 0 0 0 1 0 0 0 0 0 0 2 0 0 0 0 0 0 0 0 0 0 0 0 0 0 3 0 0 1 0 0 0 0 1 0 0 0 0 0 0 0 0 0 0 0 0 0 0 2 0 0 0 0 0 0 0 0 1 1 0 0 0 1 0 0 0 1 0 0 0 0 0 0 0 0 0 0 0 0 0 0 0 0 0 0 0 0 0 0 0 0 0 0 0 0 0 0 0 0 0 0 0 1 0 0 0 0 0 0 0 0 0 0 1 1 2 0 0 0 1 1 0 0 0 0 0 0 0 1 0 0 0 0 0 0 0 1 0 1 0 0 0 0 2 0 0 0 0 0 0 0 0 0 1 0 0 0 0 0 0 0 0 0 0 0 0 1 0 0 0 0 0 0 0 0 0 0 0 0 0 0 0 0 0 0 0 0 0 2 0 0
2_40.jpg	1 0 0 0 1 1 2 0 0 0 0 0 0 0 0 0 0 1 1 4 1 1 2 0 1 1 0 1 2 0 0 0 0 0 1 0 0 0 0 0 0 0 1 0 0 3 0 0 0 0 1 0 0 0 0 0 0 0 0 1 0 1 0 0 0 0 0 1 1 0 0 3 0 0 0 0 0 0 0 0 3 0 0 0 2 0 0 1 1 0 0 0 4 1 0 1 1 0 0 0 1 1 1 0 1 1 1 0 0 0 2 0 0 1 0 1 5 1 0 0 0 0 2 4 1 1 0 0 0 0 0 0 0 1 0 1 0 0 1 1 1 0 2 1 0 0 0 0 0 1 0 0 0 3 0 2 0 0 0 0 0 0 0 3 0 2 2 0 1 1 0 0 0 0 1 0 0 0 0 0 0 0 0 0 0 0 0 1 1 0 0 0 1 0 0 0 0 1 0 0
2_94.jpg	1 0 1 0 1 0 1 0 0 0 0 3 0 1 1 0 2 0 3 1 1 0 1 1 2 0 1 0 3 1 0 1 2 1 0 0 0 1 1 0 4 0 2 0 1 3 1 0 2 0 3 0 0 1 2 0 0 0 0 0 0 4 0 2 3 0 3 4 0 1 4 0 0 2 1 0 2 0 1 1 0 0 0 2 1 2 0 0 2 0 0 0 3 3 0 2 0 0 1 1 0 2 2 0 0 4 1 0 0 1 1 1 0 1 1 1 2 0 0 0 1 1 1 4 3 3 1 0 1 0 0 0 3 2 0 1 2 2 0 1 1 0 0 0 1 0 0 0 0 1 0 1 1 3 2 2 0 0 0 0 1 0 2 1 1 0 1 0 0 5 1 0 3 0 0 0 1 1 0 0 0 3 1 2 1 1 0 3 1 2 0 0 1 0 1 1 1 0 1 0
2_46.jpg	6 0 0 1 0 0 0 0 0 0 0 0 0 2 0 0 0 0 0 0 0 0 0 0 1 0 0 0 0 0 0 0 0 0 3 0 0 1 1 0 0 0 0 0 0 2 0 0 0 0 0 0 0 0 0 0 0 1 0 0 0 0 0 0 0 0 3 0 0 0 0 0 0 0 0 0 0 0 0 0 1 1 0 0 0 0 0 0 1 0 1 1 1 0 0 1 0 0 1 0 0 0 0 0 0 0 0 0 0 0 0 0 0 0 2 0 0 0 0 0 0 0 0 2 3 0 1 0 1 1 0 0 0 0 0 1 0 0 0 0 0 0 0 0 0 0 0 1 0 1 0 0 1 0 0 0 2 1 0 0 0 1 0 0 0 0 1 0 0 0 0 0 0 0 0 1 0 0 0 0 0 0 0 0 1 0 0 1 0 0 0 0 0 0 1 0 0 0 1 0
1_97.jpg	0 0 0 0 0 0 0 0 0 0 0 0 0 0 0 4 0 0 0 0 0 0 0 0 0 0 0 0 0 0 0 0 0 0 1 0 0 0 0 0 0 1 0 0 0 0 0 0 0 0 0 0 0 0 3 4 0 0 0 1 0 0 0 1 0 0 0 0 0 0 0 0 2 0 0 0 0 0 0 0 1 0 0 1 0 0 0 2 0 0 2 0 0 2 0 0 0 0 0 0 0 0 2 0 0 0 0 0 0 0 1 0 0 0 0 0 0 0 0 0 0 0 0 1 0 0 0 0 0 2 0 0 0 0 0 0 0 0 0 0 0 1 1 0 0 0 0 0 0 0 0 0 5 0 0 0 0 4 0 0 0 0 0 2 0 1 0 0 0 1 0 0 1 0 1 0 0 0 0 0 2 1 0 1 0 0 0 0 0 0 1 0 0 0 2 0 0 0 0 0
2_19.jpg	2 0 0 0 0 0 0 0 0 0 0 0 0 0 0 0 0 0 0 0 0 0 0 0 0 0 0 0 0 0 1 0 1 0 1 0 0 0 0 0 0 0 0 0 0 0 0 0 0 0 0 0 0 0 0 0 0 0 1 0 0 0 0 4 0 0 0 0 0 0 0 2 0 0 1 0 0 0 0 0 0 0 0 0 0 0 0 0 0 0 0 0 0 0 1 0 0 0 0 0 0 0 0 0 0 0 0 0 0 0 0 0 0 0 0 0 0 0 0 0 0 0 0 0 0 0 0 0 0 0 0 0 0 0 0 0 1 0 0 0 0 0 0 0 0 0 0 0 0 0 0 0 0 0 0 0 0 0 0 0 1 1 0 0 0 0 0 0 0 0 0 0 0 0 0 0 0 0 0 0 0 0 0 0 0 0 0 0 0 0 0 0 0 0 0 0 0 0 0 0
2_24.jpg	2 0 0 0 0 0 1 0 0 1 2 1 0 2 1 1 1 0 1 0 2 0 4 0 2 0 0 0 2 0 1 0 0 1 2 0 0 0 1 0 0 1 0 1 0 1 0 0 1 0 0 0 0 0 1 0 0 0 1 0 0 2 2 1 0 0 0 0 0 2 3 0 1 0 0 1 2 1 2 0 2 0 0 0 0 1 1 0 0 0 0 1 0 0 0 0 0 0 0 1 0 0 1 1 1 0 0 1 1 2 2 2 2 0 4 2 3 0 0 1 0 2 5 2 1 2 1 0 1 1 0 0 1 3 0 0 1 3 0 0 1 0 0 1 1 1 0 0 0 3 0 1 2 2 0 0 0 1 0 1 1 1 0 2 0 0 2 1 1 2 2 0 2 0 0 1 1 1 3 0 0 0 0 0 1 2 0 2 1 1 1 0 1 1 0 1 0 0 5 0
1_58.jpg	2 0 0 0 0 0 0 1 0 0 0 0 0 0 0 0 0 0 0 0 0 0 0 0 0 0 0 0 0 0 0 0 0 0 2 0 0 0 0 3 0 0 0 0 0 0 0 0 0 0 0 0 0 0 0 0 0 0 0 0 0 0 0 0 0 0 0 0 0 0 0 0 1 0 0 0 0 0 0 0 0 0 0 0 1 0 0 0 0 0 0 0 0 0 0 0 2 2 0 0 0 0 0 0 0 0 0 0 0 0 0 0 0 0 0 0 0 0 0 0 0 0 0 1 1 0 0 0 0 0 0 0 0 0 0 0 0 0 0 0 0 0 0 0 0 0 0 0 0 1 0 0 0 0 0 0 0 0 0 0 0 0 0 0 0 0 1 0 0 0 0 0 0 0 0 0 0 0 0 0 0 0 0 0 0 0 0 1 0 0 0 0 0 0 0 0 0 0 0 0
1_56.jpg	0 0 0 1 0 0 0 0 0 0 0 0 0 0 0 0 0 0 0 0 0 0 0 0 0 0 0 0 0 1 0 0 0 0 2 0 3 0 0 0 0 0 0 0 0 0 0 0 0 0 0 0 0 0 0 0 0 2 0 0 0 0 0 0 0 1 5 0 0 0 1 0 4 0 0 0 0 0 1 0 0 0 0 0 0 0 0 1 0 0 3 0 0 0 0 0 0 0 1 0 0 0 0 0 0 0 0 0 0 0 0 2 0 0 0 0 0 0 0 0 0 0 0 0 0 0 0 0 0 5 0 0 0 0 0 0 1 0 0 0 0 1 0 0 0 0 0 0 0 2 0 0 0 0 1 0 0 0 0 0 0 0 0 0 0 0 0 0 0 0 0 0 0 0 0 0 0 0 0 0 0 0 0 0 0 1 0 0 0 0 0 0 0 0 5 0 0 0 0 0
2_108.jpg	0 0 0 1 1 0 2 1 0 1 1 1 0 0 0 0 0 0 1 0 1 1 0 0 0 0 0 0 0 0 0 0 0 0 0 0 0 0 2 0 1 0 2 0 0 1 0 0 2 0 2 1 0 1 0 0 0 3 1 1 0 0 0 0 3 0 0 1 1 1 0 1 3 0 1 0 0 0 1 0 0 0 0 0 0 1 0 1 0 0 0 1 1 1 0 0 0 0 0 1 0 0 0 0 0 0 2 0 0 0 0 1 0 0 0 0 0 0 0 0 0 0 1 0 0 2 0 0 0 0 0 0 0 4 0 1 0 0 1 1 0 0 0 0 0 1 0 0 0 0 0 0 0 0 1 0 0 0 0 1 0 2 1 0 1 0 0 0 1 0 0 1 0 0 1 1 1 1 2 0 1 0 0 0 0 0 1 1 3 1 0 0 0 1 0 0 1 0 3 0
2_22.jpg	3 0 0 0 0 0 0 0 0 0 1 0 0 1 0 0 0 0 0 0 0 0 2 0 0 1 0 2 1 1 0 0 0 0 0 0 0 0 2 0 0 4 1 0 0 0 0 0 1 0 0 0 0 1 0 1 0 1 0 1 0 1 0 0 0 0 0 0 0 0 2 0 1 0 0 0 0 0 1 1 0 0 0 0 0 0 0 1 1 0 9 0 1 0 0 0 0 0 0 0 1 0 3 0 2 2 2 1 0 0 0 0 0 0 0 0 2 0 0 0 0 0 0 0 0 2 0 0 1 1 0 0 0 0 0 2 0 0 1 0 1 0 0 0 0 0 0 0 0 5 0 0 1 0 1 0 0 1 0 0 0 0 2 0 0 1 2 0 1 2 0 0 0 0 2 0 0 0 0 0 0 0 0 0 1 0 1 0 0 0 0 0 0 0 4 0 0 0 0 0
1_99.jpg	1 0 0 0 0 0 0 0 0 0 0 0 0 0 0 1 0 0 0 0 0 0 0 0 1 0 0 0 1 2 1 0 0 0 0 0 0 4 0 0 0 0 0 0 0 0 0 0 0 0 0 0 0 0 0 0 0 0 0 0 0 1 0 0 0 0 0 0 0 0 0 1 3 0 0 0 0 0 2 0 0 0 0 1 0 0 0 1 0 0 0 0 0 0 0 0 0 0 0 0 0 0 1 0 0 0 0 0 0 0 0 0 0 1 0 1 1 0 0 0 0 0 0 0 0 0 0 0 0 3 0 1 0 0 0 0 0 0 0 0 0 0 0 0 0 0 0 0 0 0 0 0 2 0 0 0 0 1 0 0 0 5 0 0 0 0 0 0 1 0 0 0 0 0 0 0 0 0 0 0 0 0 0 0 0 0 0 1 0 0 0 0 0 0 2 0 0 2 0 0
2_29.jpg	0 0 2 8 0 3 1 0 0 0 1 2 0 0 2 0 0 0 0 0 0 0 3 1 2 0 0 0 1 0 0 0 0 0 0 0 2 1 0 3 0 0 0 0 1 0 1 1 0 1 1 0 1 1 0 0 1 2 0 0 1 2 0 0 1 2 6 2 0 2 0 0 0 1 0 1 0 0 0 0 0 2 0 0 1 1 0 0 3 0 0 2 2 0 0 0 1 0 0 4 0 1 0 0 0 0 0 0 1 0 1 2 0 0 2 1 1 2 0 0 2 3 0 1 0 1 0 0 0 0 1 0 0 1 0 0 0 0 0 1 3 0 1 0 1 0 0 0 1 0 0 0 0 0 0 0 0 1 0 1 1 1 3 0 1 0 0 0 2 0 1 1 0 0 0 1 0 0 3 0 0 0 1 3 0 1 0 1 3 0 0 0 0 0 0 0 0 0 1 0
1_93.jpg	2 4 0 0 0 0 0 0 0 0 0 0 0 0 0 2 0 0 0 0 0 0 0 0 0 0 0 0 0 1 0 0 1 1 2 0 2 0 0 0 0 0 0 0 0 0 0 0 1 0 0 0 0 0 0 1 0 0 0 1 0 0 0 0 0 0 0 1 0 0 0 1 1 0 0 0 0 0 1 1 0 0 0 0 0 0 0 0 1 0 1 0 0 0 0 0 0 1 1 1 0 0 0 0 0 0 0 0 0 0 0 2 0 0 0 1 0 0 0 0 0 0 0 1 0 0 0 3 0 0 0 0 0 0 0 0 0 0 0 0 0 0 0 0 0 1 0 0 0 1 0 0 0 0 0 0 1 0 0 2 0 0 0 2 0 0 0 0 3 0 0 0 0 0 0 1 0 0 1 0 0 1 0 1 0 0 0 1 0 0 1 0 0 3 0 0 0 0 0 0
2_93.jpg	0 0 0 1 2 1 3 1 0 0 1 4 0 0 2 1 4 0 3 1 4 0 3 1 1 0 0 3 2 0 1 1 0 4 0 0 0 0 2 0 0 0 6 0 3 2 5 0 4 1 0 0 0 4 1 0 2 4 0 2 1 1 1 2 2 0 0 4 5 0 2 1 1 1 1 1 0 0 1 0 2 0 1 1 2 1 1 0 0 0 3 0 2 0 0 2 2 1 1 1 4 0 4 0 4 0 0 1 0 1 0 6 0 1 3 1 3 3 0 0 0 4 3 2 2 2 0 0 3 0 0 0 0 2 0 4 1 2 1 0 0 0 1 0 1 1 0 0 0 4 0 0 1 0 0 0 0 0 0 2 0 1 3 0 0 0 0 0 2 4 2 0 1 0 0 1 0 0 1 0 0 0 4 5 0 0 0 0 1 2 0 0 4 1 5 0 0 1 5 0
2_97.jpg	2 2 0 0 0 0 0 0 0 0 0 0 1 0 0 0 1 0 0 0 0 0 1 0 1 0 0 0 1 0 1 0 0 1 5 0 0 1 0 0 1 0 0 0 0 0 1 0 2 0 0 0 0 0 0 0 0 0 2 1 0 0 1 2 0 0 0 0 0 0 1 1 1 1 0 1 0 0 1 0 0 0 0 1 0 1 0 0 2 0 0 0 0 0 0 1 0 0 0 0 0 0 0 0 0 0 0 0 0 0 0 0 0 1 0 1 4 0 0 0 0 0 0 2 0 0 3 1 0 1 0 0 0 0 0 0 1 0 0 1 0 0 0 0 0 0 0 2 0 0 0 0 2 0 0 0 0 2 1 0 0 3 1 1 1 0 0 0 0 0 0 0 1 0 0 0 0 0 2 0 0 0 0 0 0 0 0 1 1 0 0 0 0 0 0 0 0 0 0 0
1_50.jpg	0 0 0 0 0 0 0 0 0 1 0 0 0 0 0 0 0 0 0 0 0 0 0 0 0 0 0 0 0 0 0 0 0 1 0 0 0 0 0 1 2 0 1 0 2 0 0 0 0 0 0 0 0 0 0 1 0 0 1 1 0 0 1 1 0 0 0 0 0 0 1 1 0 0 1 0 0 0 0 0 0 0 0 0 0 0 0 0 1 0 0 0 0 0 1 0 1 0 0 1 0 0 0 0 0 0 0 0 0 0 0 0 1 1 0 0 0 0 0 0 0 0 0 2 1 0 1 0 0 0 0 0 0 0 0 0 0 0 0 0 0 0 0 1 0 0 0 1 0 0 0 1 3 0 0 0 1 1 1 0 0 0 0 0 0 0 0 0 0 1 0 0 0 0 0 0 0 0 0 0 0 1 0 0 1 0 0 0 0 0 1 2 0 0 0 0 0 0 0 0
1_102.jpg	0 1 1 0 0 2 1 2 1 0 4 2 0 0 2 1 0 3 1 0 2 5 1 0 0 0 0 5 1 0 0 0 0 0 0 1 0 0 0 0 0 2 4 1 0 0 0 0 1 0 1 0 2 0 0 0 5 0 0 0 3 1 2 3 0 1 0 2 4 0 2 2 0 1 0 3 0 1 0 0 0 0 0 0 0 1 1 0 1 3 4 1 1 1 0 0 0 0 2 1 5 0 0 1 2 2 0 3 0 0 0 21 0 0 1 1 0 2 0 1 1 0 1 2 1 0 0 0 0 0 0 1 0 4 0 0 1 0 1 0 1 1 1 0 4 0 0 1 1 15 0 0 0 2 2 1 0 0 0 2 1 0 0 0 0 0 0 0 1 3 2 5 0 0 2 0 0 1 1 0 2 0 5 3 1 1 0 0 2 0 1 0 0 0 4 0 1 0 1 0
1_28.jpg	1 0 2 0 0 0 1 0 1 0 1 0 0 0 1 0 0 4 0 0 0 1 0 3 0 0 0 0 0 0 0 0 0 3 0 2 3 0 0 0 0 0 4 1 0 0 0 0 0 0 1 0 3 0 0 0 4 0 2 0 0 0 0 1 1 1 0 1 0 0 0 0 8 0 1 0 0 1 1 0 0 0 0 0 1 0 0 0 0 4 0 0 0 0 0 2 0 0 0 1 0 0 0 0 1 0 0 4 0 0 0 0 1 0 0 0 0 1 0 1 0 0 0 1 1 0 0 0 0 1 0 1 0 0 0 0 2 0 0 0 0 0 1 0 3 0 0 0 0 0 0 0 1 0 0 0 0 0 0 0 1 0 0 1 0 0 0 2 1 0 0 2 0 0 0 0 1 0 0 0 0 0 0 0 1 0 0 0 0 0 1 0 0 2 0 0 0 0 0 0
2_27.jpg	0 0 2 0 0 1 0 0 1 0 0 0 0 2 1 0 1 0 0 2 0 1 1 3 1 0 0 0 1 0 1 0 0 0 0 0 0 1 1 0 2 1 3 0 4 0 4 0 2 0 3 0 0 0 0 0 2 0 0 1 1 1 1 1 0 1 0 3 1 1 3 0 0 0 3 0 0 0 0 0 0 1 0 1 0 0 3 0 2 1 0 1 1 1 0 2 0 0 1 0 1 2 0 1 1 2 0 1 2 3 1 0 1 2 2 0 0 3 0 0 0 0 2 0 0 0 1 0 0 0 0 0 4 0 0 1 1 2 0 0 1 1 1 0 1 0 0 0 1 0 1 2 0 1 2 0 1 0 0 0 4 2 0 0 1 0 1 0 1 0 0 0 0 0 0 0 0 1 0 0 2 0 2 1 4 2 0 1 0 1 1 0 0 0 2 0 0 0 1 0
2_37.jpg	0 0 0 0 0 0 0 0 0 0 0 1 0 0 0 0 1 0 0 0 1 0 0 0 0 0 0 0 0 0 1 0 0 1 3 0 0 1 0 0 0 0 0 0 0 0 0 0 0 0 0 0 0 0 0 1 0 0 0 0 0 0 0 1 0 0 0 0 0 0 0 1 1 0 1 0 1 0 0 0 0 1 0 0 0 0 0 0 0 0 0 0 0 0 0 1 1 0 0 0 0 0 0 0 0 0 0 0 1 0 0 0 0 0 0 0 1 0 0 0 0 0 0 1 0 0 1 0 0 0 0 0 0 0 0 0 1 0 0 0 0 0 0 0 0 0 0 1 0 0 0 0 0 0 0 0 0 0 0 0 0 1 0 0 0 0 0 0 0 0 0 0 0 0 0 0 0 0 0 0 0 0 0 0 0 0 0 0 0 0 0 0 0 0 0 0 0 0 0 0
2_95.jpg	0 0 2 0 1 1 0 1 1 0 0 1 0 0 0 0 2 1 0 0 1 0 0 0 4 0 0 0 1 1 0 2 0 0 0 1 1 0 0 0 0 0 1 0 1 1 1 0 1 0 0 0 0 0 1 0 1 4 0 0 1 3 1 1 2 0 0 2 1 2 2 1 1 0 0 1 0 0 0 0 0 0 0 0 1 1 0 0 2 0 0 1 0 1 0 2 0 0 0 0 0 2 0 1 0 1 2 4 2 0 0 0 3 0 0 1 0 0 0 0 1 0 2 2 4 1 0 0 1 0 0 0 1 1 0 1 0 0 0 0 0 0 1 1 1 0 0 0 0 0 0 0 1 4 4 0 0 0 0 0 1 1 3 0 0 0 0 1 0 3 0 0 0 0 0 0 0 0 1 0 0 1 0 1 3 1 0 0 0 2 0 0 1 0 2 0 0 1 1 0
1_46.jpg	3 0 0 0 0 0 2 0 0 1 0 0 0 0 0 0 0 0 0 0 0 0 0 0 1 0 0 0 0 0 0 0 0 0 2 0 0 0 0 0 0 0 0 0 0 0 0 0 0 0 0 0 0 0 0 0 0 0 0 0 0 0 0 1 0 0 0 0 0 0 0 0 3 0 1 0 0 0 0 0 0 0 0 0 0 0 0 2 0 0 0 0 0 0 0 0 0 1 0 0 0 0 0 0 0 0 0 0 0 0 0 0 0 0 0 0 0 0 0 0 0 0 0 3 0 0 0 0 0 0 0 0 0 0 0 0 1 0 0 0 0 0 0 0 0 0 0 0 0 0 0 0 1 0 0 0 0 0 0 0 0 0 0 0 0 0 0 0 0 0 0 0 0 0 0 1 0 0 0 0 0 0 0 0 0 0 0 2 0 0 0 0 0 0 0 0 0 0 0 0
2_90.jpg	1 0 0 0 0 1 0 0 0 3 0 0 0 0 0 0 0 0 0 0 0 0 0 0 0 0 0 0 0 0 1 0 0 2 1 0 0 0 0 0 2 0 0 0 0 0 0 1 1 0 0 0 0 0 0 0 0 0 2 1 0 0 0 0 0 0 0 0 0 0 0 0 0 0 2 0 0 0 0 0 0 1 0 0 0 0 0 1 0 0 0 0 0 0 0 3 0 0 0 0 0 0 0 0 0 0 0 0 0 0 0 0 0 1 0 0 1 0 0 0 0 0 0 0 0 0 0 0 0 3 0 0 0 0 0 0 0 0 0 0 0 0 0 0 0 0 0 0 1 0 0 1 1 0 0 0 0 1 0 1 0 0 0 2 1 0 0 0 0 0 0 0 0 0 0 1 0 0 0 0 0 0 0 0 0 0 0 0 0 1 1 0 0 0 1 0 0 1 0 0
1_37.jpg	1 0 0 0 0 0 0 0 0 0 0 1 0 0 0 1 0 0 0 0 2 0 0 0 1 0 0 0 0 0 0 0 0 1 0 0 0 3 0 0 0 0 0 0 0 0 1 0 0 0 0 0 0 0 0 0 0 1 0 0 0 0 0 0 0 1 0 1 0 0 0 0 0 0 0 0 0 0 0 0 0 0 0 0 0 0 0 0 0 0 0 0 0 0 0 1 0 0 0 1 0 0 0 0 0 0 1 0 0 0 0 1 0 0 0 1 0 0 0 0 0 0 0 1 0 1 0 0 0 2 0 0 0 0 0 1 0 0 0 1 0 0 0 0 0 0 0 0 0 0 0 0 2 1 0 0 0 1 0 0 0 2 0 0 0 0 0 0 0 0 0 0 1 0 0 0 0 0 1 0 0 0 0 0 0 0 0 0 0 0 0 0 0 1 0 0 0 0 0 0
2_18.jpg	0 0 0 0 0 0 0 0 0 0 0 0 0 0 0 0 0 0 0 0 0 0 0 0 0 1 0 1 0 0 0 0 0 0 0 0 0 0 0 0 0 1 0 0 0 0 0 0 0 0 0 0 0 1 0 0 0 0 0 0 0 0 0 0 0 0 0 0 0 0 2 0 0 0 0 0 1 0 0 0 0 0 0 1 0 0 0 0 1 0 0 0 0 0 0 1 0 0 0 1 0 0 0 0 0 0 0 0 0 0 0 0 0 0 0 1 0 0 0 0 0 1 0 1 1 0 1 0 0 2 0 0 0 0 0 0 1 0 0 0 0 0 0 0 0 0 0 1 0 0 0 0 1 0 0 0 1 0 0 0 0 1 0 0 0 0 1 0 0 2 0 0 0 0 0 2 0 0 0 0 1 0 0 0 0 0 0 0 0 0 0 0 0 0 0 0 1 0 0 0
2_31.jpg	1 0 0 0 1 0 2 1 0 0 1 0 0 1 0 0 1 0 0 0 0 0 0 0 0 0 0 0 0 1 0 0 0 1 1 0 0 0 0 0 0 2 0 0 0 1 0 0 1 1 0 0 0 0 0 1 1 1 1 2 1 0 0 1 3 0 0 0 0 0 1 1 1 0 0 0 0 0 0 0 0 0 0 0 0 0 0 0 1 0 0 0 1 0 0 0 0 0 0 0 0 1 0 0 0 0 0 2 0 0 0 0 0 1 3 1 2 0 0 0 0 1 0 3 0 0 2 0 0 0 0 0 0 1 0 1 0 0 1 0 0 0 0 0 1 0 0 1 0 1 0 0 1 0 0 0 0 0 1 0 0 0 2 1 0 0 0 0 0 0 0 0 0 0 0 1 0 0 0 1 1 1 2 0 0 0 0 0 0 0 0 0 0 0 0 0 0 0 0 0
1_101.jpg	2 0 1 0 0 0 1 1 1 0 2 0 0 0 1 0 0 0 1 0 0 0 0 0 0 1 1 1 0 1 1 0 1 0 0 0 0 2 0 0 0 1 0 0 1 0 0 0 0 0 0 1 0 0 2 0 0 0 1 2 0 0 1 2 2 0 1 2 0 0 1 0 1 1 2 0 0 0 2 1 0 1 0 0 0 0 0 0 1 0 0 0 0 0 0 2 3 0 0 0 0 0 0 0 0 0 1 1 0 0 0 4 0 0 0 0 1 0 0 0 0 0 1 0 1 1 1 0 3 0 0 1 0 1 0 1 2 0 0 1 0 0 1 1 0 1 0 0 0 0 0 1 0 0 0 0 1 2 0 0 0 1 0 0 0 0 0 0 0 0 0 0 0 0 0 1 0 0 0 0 0 0 0 0 0 1 0 1 1 1 0 0 0 1 0 0 0 0 0 0
2_39.jpg	1 0 1 0 0 0 0 0 0 0 0 2 1 0 0 0 0 0 0 2 0 0 0 0 1 0 0 0 1 0 0 0 0 0 1 0 0 0 0 0 0 1 0 0 0 1 0 0 0 0 1 0 0 0 1 0 1 0 1 0 0 0 0 1 0 0 0 0 0 0 4 0 0 0 0 1 0 0 0 0 1 0 0 1 1 0 0 0 2 0 0 0 0 1 0 1 1 0 0 0 0 0 0 0 0 0 0 0 0 3 0 0 0 0 0 1 2 0 0 0 0 0 0 2 0 0 2 0 0 0 0 0 0 0 0 0 0 0 0 0 0 0 0 0 0 0 0 2 0 0 0 0 1 0 0 0 0 0 0 0 1 0 0 0 0 0 0 0 0 2 0 0 1 0 0 0 0 0 0 0 0 0 0 0 1 0 0 1 0 0 1 0 2 0 0 0 0 0 1 0
2_17.jpg	0 0 0 0 1 0 0 0 0 0 1 1 0 0 0 0 0 0 0 3 0 0 2 0 0 0 0 0 2 0 0 0 0 0 1 0 0 1 0 0 0 0 0 0 0 1 0 0 0 0 0 0 0 0 0 1 0 3 0 1 0 0 2 0 0 0 0 0 0 1 3 0 0 0 0 2 0 0 1 3 1 0 0 0 0 0 1 0 0 0 0 0 0 0 0 0 1 0 0 0 0 0 0 0 1 0 0 0 0 0 0 0 0 0 1 1 1 0 0 0 0 0 2 1 0 2 1 0 1 0 0 0 0 0 0 2 0 0 1 0 1 0 0 0 0 0 0 2 0 0 0 0 2 0 0 0 0 1 0 0 0 0 1 1 0 1 1 0 0 1 0 1 1 0 0 0 1 0 0 0 0 0 0 1 1 0 0 0 1 1 1 0 1 0 1 0 0 2 0 0
2_47.jpg	0 0 0 1 1 1 3 0 2 0 0 2 0 0 5 0 0 0 0 0 2 1 2 0 0 0 0 0 1 0 0 3 0 0 0 0 4 0 0 8 0 0 0 0 0 0 1 0 0 1 2 0 0 3 0 0 2 1 0 0 0 1 0 0 1 0 3 6 0 2 0 0 0 0 0 0 0 0 0 1 0 0 0 0 0 0 4 0 0 0 0 0 0 0 0 0 4 0 0 0 0 4 0 1 0 2 0 1 4 1 0 0 1 0 0 0 0 2 0 2 0 0 2 0 0 2 0 0 1 0 0 0 5 0 0 1 0 1 0 4 3 0 1 0 0 0 0 0 0 0 0 0 0 0 6 0 0 0 0 0 1 0 3 0 0 0 0 2 2 0 0 0 0 1 0 0 0 1 0 0 1 1 0 2 4 0 0 0 0 0 0 0 0 0 0 0 0 1 0 0
1_62.jpg	0 3 0 1 0 2 0 2 1 0 0 0 0 0 0 0 0 0 0 1 0 7 1 1 1 0 0 1 1 1 0 1 1 0 1 0 0 2 0 0 0 1 0 0 0 0 0 1 0 0 0 0 0 0 1 0 2 1 0 0 4 0 0 0 0 0 0 0 0 1 0 0 1 0 0 0 2 0 2 0 0 0 1 0 2 1 1 0 1 1 2 0 2 0 0 0 0 0 0 2 0 0 2 0 0 1 0 1 0 0 1 1 0 0 0 1 1 0 1 0 0 0 0 2 1 2 0 0 0 3 0 0 1 0 0 0 1 0 0 0 0 3 0 0 0 0 0 0 0 1 0 0 1 1 1 1 0 0 0 0 1 3 0 0 0 2 0 0 1 2 1 0 0 0 0 0 0 0 2 0 0 0 0 0 0 1 0 0 2 1 1 2 1 0 0 0 1 1 1 0
1_14.jpg	0 1 0 0 0 0 0 0 0 0 0 0 0 0 0 2 0 7 0 0 0 0 0 0 0 5 0 0 0 0 1 0 0 0 0 2 0 0 0 0 0 0 1 2 0 0 0 0 0 0 3 0 1 0 1 0 0 0 0 0 0 0 1 0 0 0 0 0 0 0 0 0 1 0 0 0 0 0 0 0 1 0 0 2 0 0 0 0 0 0 0 0 0 0 0 1 0 1 0 0 1 0 0 0 0 0 1 0 0 0 1 0 0 1 0 1 0 0 7 2 0 0 0 0 0 0 0 0 0 0 1 0 0 0 0 0 1 0 0 0 0 1 0 0 1 0 0 0 0 0 0 2 6 0 0 0 0 0 0 0 1 0 0 0 0 0 0 0 0 0 0 0 2 0 0 1 0 0 0 0 0 0 0 0 0 1 2 0 0 0 0 3 0 0 1 0 0 0 0 0
2_20.jpg	1 0 0 0 0 0 0 0 0 0 0 0 0 2 0 0 0 0 0 0 1 1 0 0 0 0 0 0 0 0 0 0 0 2 4 0 0 1 1 0 0 0 0 0 1 0 0 0 0 0 0 0 0 0 0 0 0 0 0 0 0 0 0 1 0 0 0 0 0 0 3 0 1 2 0 2 0 0 0 0 0 0 0 1 0 1 0 0 0 0 0 0 0 0 0 0 0 0 0 0 0 0 0 0 0 0 0 0 0 0 0 0 0 0 0 0 1 0 0 0 0 0 0 0 1 0 0 0 0 1 0 0 0 0 0 0 0 0 0 0 0 0 0 1 0 0 0 1 0 0 0 1 1 0 0 0 1 0 0 0 0 0 0 2 0 0 0 0 0 1 0 0 0 0 0 1 0 0 0 0 0 0 0 0 0 0 0 0 0 0 1 0 1 0 0 0 0 1 0 0
2_92.jpg	5 0 0 0 0 0 0 0 0 0 0 0 0 0 0 0 0 0 0 0 0 0 0 0 0 0 0 0 0 0 0 0 0 0 1 0 0 0 0 0 0 0 0 0 0 0 0 0 1 0 0 0 0 0 0 0 0 1 1 0 0 1 0 0 0 0 0 0 0 0 2 1 0 0 1 3 0 0 0 0 0 0 0 0 0 0 0 0 0 0 0 0 0 1 0 0 0 0 0 0 0 0 0 0 0 0 0 0 0 0 0 1 0 0 0 0 1 0 0 0 0 0 2 3 1 1 0 0 0 0 0 0 0 0 0 0 0 0 0 0 0 0 0 0 0 0 0 1 0 0 0 0 0 0 0 0 1 1 0 0 0 0 0 0 0 0 1 0 0 0 0 0 1 0 0 1 0 0 0 0 0 0 0 0 0 0 0 0 0 0 1 0 0 0 0 0 0 0 0 0
1_94.jpg	0 0 0 0 0 0 0 0 0 0 0 0 0 0 0 0 0 0 0 0 0 0 0 0 0 0 0 0 0 0 0 0 0 0 3 0 0 0 0 0 0 0 0 0 0 0 0 0 0 0 0 0 0 0 0 0 0 0 0 0 0 0 0 0 0 0 0 0 0 0 0 0 0 0 1 0 0 0 0 0 0 0 0 0 0 0 0 0 1 0 0 0 0 0 0 0 0 0 0 0 0 0 0 0 0 0 0 0 0 0 0 0 0 0 0 0 0 0 0 0 0 0 0 1 0 0 1 0 0 0 0 0 0 0 0 0 0 0 0 0 0 0 0 0 0 0 0 0 0 0 0 0 0 0 0 0 0 0 0 0 0 1 0 0 0 0 0 0 0 0 0 0 0 0 0 2 0 0 0 0 0 0 0 0 0 0 0 2 0 0 0 0 0 0 0 0 0 0 0 0
2_32.jpg	1 0 0 0 0 0 0 0 0 0 0 0 0 0 0 1 0 0 0 1 0 0 0 0 0 0 0 0 0 0 2 0 0 3 3 0 0 1 0 0 1 0 0 0 3 0 0 0 0 0 0 0 0 0 0 0 1 1 1 1 0 0 0 0 0 0 0 0 0 0 1 1 0 0 0 0 1 0 2 0 0 0 0 0 1 0 0 0 4 0 0 0 0 1 0 0 0 3 0 1 0 0 0 0 0 0 2 0 0 1 1 0 0 1 0 0 0 0 0 0 0 0 0 1 4 3 3 0 2 1 0 0 0 0 0 0 1 0 0 0 0 0 0 0 0 0 0 1 0 0 0 0 0 0 0 0 0 2 0 0 1 1 0 0 0 0 0 0 0 0 0 0 0 0 0 0 0 0 0 0 0 3 0 0 0 0 0 3 0 0 0 0 0 0 0 0 0 0 0 0
1_100.jpg	0 0 0 0 0 0 0 0 0 1 0 0 0 0 0 0 0 0 0 0 0 0 0 0 0 0 0 0 0 0 0 0 0 0 0 0 0 0 0 0 0 0 0 0 0 0 0 0 0 0 0 0 0 0 0 0 0 0 0 0 0 0 0 0 0 0 2 0 0 0 0 0 0 0 0 0 0 0 0 0 0 1 1 0 0 0 0 0 0 0 0 0 0 2 0 0 0 1 1 0 0 0 0 0 2 0 0 0 0 0 0 0 0 1 0 0 0 0 0 0 0 0 0 0 1 0 0 0 0 0 0 0 0 0 0 0 0 0 1 0 1 0 0 0 0 0 0 0 0 0 0 0 0 0 0 0 1 0 0 0 0 0 0 0 0 0 0 0 0 0 0 0 0 0 0 0 0 0 0 0 0 0 0 0 1 0 0 0 0 0 0 0 0 1 2 0 0 0 0 0
1_27.jpg	1 0 2 0 0 1 0 0 0 0 0 2 0 1 0 0 0 3 0 0 1 4 1 2 1 2 0 0 1 1 4 1 0 2 1 1 0 2 2 0 1 0 2 0 0 0 0 0 2 2 2 0 2 0 1 1 1 1 0 0 3 0 3 2 0 3 0 1 0 2 0 1 3 0 1 1 1 1 0 1 1 0 0 0 0 1 1 0 1 2 0 1 2 1 0 1 0 2 0 1 0 5 0 1 2 0 0 0 0 2 2 0 0 2 0 1 0 2 0 1 0 1 5 3 0 1 0 0 1 0 0 1 0 1 0 1 0 0 1 0 1 0 1 1 3 0 0 0 1 1 0 0 2 2 0 1 0 0 0 1 2 1 3 1 0 0 0 2 0 0 0 5 2 0 1 1 0 1 0 0 1 3 0 1 3 1 0 0 1 0 0 1 0 0 0 0 1 0 2 0
1_64.jpg	0 0 0 2 0 0 0 0 0 0 0 0 0 0 0 0 0 0 0 0 2 0 0 0 0 0 0 0 0 2 0 0 0 0 1 0 0 1 2 0 0 0 0 0 0 0 0 0 2 0 0 0 0 0 0 0 0 2 0 0 0 0 0 2 0 0 1 0 0 0 0 0 0 0 0 0 0 0 0 0 0 0 0 0 0 0 0 0 0 0 0 0 0 0 0 0 2 0 1 0 0 0 0 0 0 0 0 0 0 0 0 0 0 0 1 0 0 0 0 0 0 0 1 0 0 2 0 0 0 0 0 0 0 0 0 1 0 0 0 1 1 0 0 0 0 0 0 0 0 0 0 0 1 0 1 0 1 1 0 1 0 3 3 0 0 0 0 1 0 0 0 0 0 0 0 0 0 0 0 0 1 0 1 3 1 0 0 0 0 0 0 0 0 0 0 0 1 0 1 0
1_61.jpg	9 0 0 0 0 0 0 0 0 0 0 0 0 0 0 0 0 0 0 0 0 0 0 1 0 0 0 0 0 0 1 0 0 3 5 0 0 3 3 0 0 0 0 0 0 0 0 0 1 0 0 0 0 0 0 0 0 0 1 0 0 0 0 0 0 0 2 0 0 0 0 5 0 0 0 0 1 0 0 0 0 0 0 0 1 0 0 0 0 0 0 0 0 0 0 0 0 0 0 0 0 0 0 0 0 0 0 0 0 0 0 0 0 1 0 0 0 0 0 0 0 0 0 7 0 2 0 0 1 5 0 0 0 0 0 0 0 0 0 1 0 0 0 0 0 0 0 0 1 0 0 0 0 0 0 0 0 0 0 0 0 2 0 1 0 0 1 0 0 0 0 0 0 0 0 0 1 0 1 0 0 0 0 0 0 0 0 0 0 0 0 0 0 0 0 0 2 0 0 0
1_108.jpg	0 0 0 0 0 0 1 0 0 0 0 0 0 0 0 1 0 0 0 0 0 0 0 1 0 3 0 0 0 0 1 0 0 0 0 0 1 0 0 0 0 0 0 0 0 0 0 0 0 0 0 0 0 0 2 0 0 0 0 0 0 0 2 1 0 0 0 0 0 0 0 0 0 1 1 1 0 0 3 0 0 0 0 0 0 1 0 0 0 0 2 0 0 0 0 0 0 0 0 0 0 0 0 0 0 0 0 0 0 0 0 0 0 0 0 0 0 0 0 1 0 0 0 0 0 0 0 0 0 0 0 0 0 0 0 0 0 0 1 0 0 0 0 0 0 0 0 0 0 0 0 0 3 0 0 0 2 2 0 0 0 0 0 1 0 0 0 0 0 0 0 0 0 2 0 0 0 0 0 0 0 1 0 0 1 0 0 0 0 0 0 0 0 0 0 0 0 0 0 0
1_55.jpg	0 0 0 0 0 2 1 0 1 0 2 0 0 2 0 0 0 0 0 1 1 2 0 0 1 0 0 1 0 0 0 0 0 1 0 0 0 0 0 0 0 0 2 0 0 1 0 0 0 1 0 0 0 0 0 0 0 0 1 0 2 0 1 0 0 0 0 1 0 0 2 0 2 0 1 1 0 0 0 0 0 0 0 0 0 2 0 2 0 0 1 0 0 0 0 0 0 2 0 0 0 0 0 0 0 1 1 0 0 0 0 3 0 0 1 0 1 0 0 0 0 0 0 0 2 0 0 0 0 0 0 0 1 0 0 0 2 0 1 0 0 3 0 0 0 0 0 0 0 3 0 0 0 0 0 0 1 0 0 0 0 0 0 2 0 0 0 0 0 0 0 0 0 0 0 0 0 1 0 0 0 2 1 2 0 0 0 1 0 0 0 0 0 0 5 0 0 0 0 0
2_102.jpg	0 0 0 1 1 0 0 1 0 0 0 3 0 0 1 0 0 0 0 0 0 0 0 0 1 0 0 0 2 0 0 0 1 0 0 0 0 0 0 3 0 0 1 0 0 0 0 0 0 2 0 0 0 0 0 0 0 3 1 0 0 0 0 0 1 0 2 0 1 1 1 1 0 0 0 0 1 0 0 0 0 0 0 0 0 0 0 0 0 0 1 0 0 0 0 0 1 0 0 1 1 0 0 0 1 1 0 0 1 0 0 4 0 0 2 0 0 0 0 0 0 2 1 0 1 6 0 0 0 0 0 0 0 0 0 2 0 2 0 0 1 0 2 0 0 0 0 0 0 0 0 0 0 0 0 0 0 0 0 1 0 3 3 0 0 0 0 0 2 0 0 0 0 0 0 1 0 0 0 0 0 0 0 0 0 1 0 0 0 0 0 0 0 0 0 0 0 1 0 0
2_26.jpg	4 0 0 0 0 0 0 0 0 0 0 0 0 0 0 1 1 0 0 0 0 0 0 0 2 0 0 0 0 0 0 0 0 0 0 0 0 1 0 0 2 0 1 0 1 1 0 0 0 0 0 0 0 0 0 0 0 0 2 0 0 0 0 2 0 0 0 0 0 0 1 4 0 0 0 1 0 0 1 0 0 0 0 0 0 0 0 0 1 0 0 0 0 0 0 1 0 0 0 1 1 0 0 0 1 1 2 0 0 0 0 0 2 1 0 0 2 0 0 0 0 0 0 3 1 0 6 1 0 1 1 0 0 0 0 0 3 0 0 2 0 0 0 0 0 1 0 3 0 0 0 1 1 0 0 0 1 1 0 0 0 2 1 0 0 0 1 0 0 1 0 0 0 0 0 0 0 0 0 0 0 1 0 0 0 0 0 0 1 1 1 1 0 0 0 0 0 0 0 0
1_98.jpg	1 1 0 0 1 1 0 0 4 0 0 0 0 0 2 1 0 6 1 1 1 3 1 0 0 1 0 0 3 0 2 0 0 0 1 3 0 0 0 0 0 0 8 1 0 1 1 0 1 0 1 0 4 0 2 1 2 0 0 0 3 0 1 1 0 0 0 0 0 0 0 1 0 0 1 0 1 0 0 1 1 0 0 2 3 1 3 0 0 3 3 0 0 2 0 0 0 0 0 1 2 1 0 0 1 1 0 0 5 0 1 1 0 0 0 2 0 0 1 2 0 0 2 1 0 0 0 0 0 0 2 3 2 0 0 0 0 3 0 0 1 8 0 1 3 0 0 0 0 1 3 1 1 1 1 0 0 0 0 2 0 0 0 1 0 0 0 1 2 1 0 0 0 0 1 0 0 0 0 1 2 0 1 0 4 0 1 0 2 1 0 0 0 0 1 0 0 0 0 0
2_42.jpg	1 0 0 0 1 0 0 0 0 0 0 0 0 0 0 0 0 0 0 0 0 0 0 1 1 0 0 0 0 0 2 0 0 0 0 0 0 0 0 0 0 0 0 0 0 0 0 0 0 0 0 0 0 0 0 0 0 0 2 1 0 0 0 0 0 0 0 0 0 0 0 0 0 0 1 0 0 0 0 0 0 0 0 0 0 0 0 0 0 0 0 0 0 0 0 0 0 0 0 0 0 0 0 0 0 0 0 0 0 0 0 0 0 1 0 0 0 0 0 0 0 0 0 0 0 0 0 0 0 0 0 0 0 0 0 0 1 0 0 0 0 0 0 0 0 0 0 1 0 0 0 0 0 0 0 0 0 0 0 0 0 2 0 0 0 0 0 0 0 0 0 0 0 0 0 0 0 0 0 0 0 0 0 0 0 0 0 0 0 1 0 0 0 0 0 0 0 0 0 0
1_20.jpg	0 1 1 0 1 0 0 0 1 0 0 0 0 0 0 2 0 1 1 1 0 0 0 2 1 2 4 0 0 0 0 0 0 0 0 1 1 0 0 0 0 0 1 1 0 0 1 0 0 0 1 0 1 0 0 0 0 0 1 0 3 0 0 0 0 3 0 0 0 0 1 0 0 0 0 0 0 0 1 1 0 1 0 2 0 0 0 4 1 2 0 0 0 0 0 0 0 0 0 0 0 1 0 0 0 0 1 0 0 1 0 0 1 0 0 1 0 0 3 1 0 0 0 0 0 0 0 0 0 5 0 1 2 0 0 0 0 0 0 0 0 1 0 0 2 0 0 0 3 1 0 0 2 0 0 0 1 2 0 0 2 0 0 4 0 1 1 0 0 0 0 1 0 0 0 1 0 0 0 0 0 0 0 0 0 0 0 0 0 0 1 3 0 0 1 0 1 0 0 0
2_104.jpg	0 0 0 3 4 0 0 2 1 0 1 1 0 0 1 1 3 1 0 0 3 0 1 0 2 0 0 0 2 2 1 1 1 0 0 1 3 0 4 2 0 0 1 0 5 0 0 0 1 3 1 0 0 0 0 0 4 5 0 1 0 2 0 1 3 0 4 4 0 3 1 2 0 0 0 0 1 0 1 1 0 0 0 0 1 1 0 1 3 0 0 2 8 0 0 0 3 0 3 1 0 0 0 2 1 1 0 3 3 0 1 0 0 0 3 1 0 4 0 1 2 1 1 1 0 3 0 2 0 1 0 0 2 0 0 1 0 1 1 4 1 0 3 0 2 1 0 0 5 0 0 0 0 2 1 0 0 0 0 0 1 1 11 0 0 0 0 0 3 0 1 0 0 0 1 0 0 0 4 1 2 3 0 6 5 1 0 1 0 0 4 0 0 1 0 0 1 0 2 0
1_31.jpg	0 0 0 0 0 0 0 1 0 0 0 0 0 0 1 0 0 0 1 0 1 0 0 0 0 0 0 0 0 0 1 2 0 2 1 0 0 1 0 0 4 0 1 0 0 0 0 0 1 0 0 0 0 0 0 1 0 0 0 2 0 0 0 0 0 0 0 0 0 0 0 0 1 1 0 0 0 0 0 0 0 0 0 1 1 0 0 0 0 0 0 0 0 0 0 0 0 0 0 1 1 0 0 0 0 0 0 0 0 1 1 0 0 0 0 0 1 0 0 0 0 0 0 2 0 0 0 0 0 1 0 0 0 0 0 0 0 0 0 0 0 0 0 0 0 0 0 0 0 0 0 1 1 0 0 0 0 0 0 0 3 1 0 1 0 0 0 0 0 1 0 0 0 0 1 2 0 0 0 0 0 0 0 0 0 2 0 0 0 0 0 0 0 0 0 0 2 0 0 0
1_54.jpg	0 0 0 0 0 0 0 0 0 0 0 0 0 0 0 1 0 0 0 0 0 0 0 0 0 0 0 0 0 0 0 0 0 0 0 0 0 0 0 0 0 0 0 0 1 0 0 0 0 0 0 0 0 0 0 0 0 0 1 0 0 0 0 1 0 0 0 0 0 0 0 0 4 0 2 0 0 0 0 0 0 0 0 0 0 0 0 1 0 0 0 0 0 0 0 0 0 2 0 0 0 1 0 0 0 0 0 0 0 1 0 0 1 0 0 0 0 0 0 0 0 0 0 0 0 0 0 0 0 0 0 0 0 0 0 0 0 0 0 0 0 0 0 0 0 0 0 0 0 0 0 0 0 0 0 0 0 0 0 0 2 0 0 0 0 0 0 0 0 0 0 0 0 0 0 0 0 0 0 0 0 0 0 0 1 0 0 0 0 0 0 0 0 0 0 0 0 0 0 0
2_14.jpg	0 1 0 0 0 0 0 0 0 1 0 0 0 1 0 0 0 0 0 0 0 0 1 0 1 0 0 0 2 0 1 0 1 3 0 0 0 2 0 0 4 0 0 0 1 2 0 0 1 0 0 0 0 0 2 1 0 0 2 2 0 0 0 0 0 0 0 0 0 1 1 1 0 0 1 0 2 0 0 0 1 0 0 0 0 0 0 0 3 0 0 0 0 0 0 2 0 0 0 0 0 0 0 0 1 0 0 0 1 1 0 0 1 1 0 0 0 0 0 0 0 0 0 1 0 0 0 0 0 1 0 0 0 1 0 1 0 0 0 0 0 0 0 0 0 0 0 0 0 0 0 0 0 0 0 0 1 0 0 0 1 1 0 1 0 0 0 0 0 0 0 0 0 0 0 0 0 0 0 0 0 2 0 0 0 1 0 0 0 0 0 0 0 1 0 0 0 1 0 0
1_43.jpg	0 0 0 1 0 0 0 0 0 0 0 1 0 0 0 0 0 0 0 0 0 0 2 0 1 0 1 1 0 0 1 0 0 0 0 0 0 0 0 0 3 0 0 0 0 0 0 0 1 0 0 0 0 0 0 0 1 0 0 0 0 0 0 2 0 0 0 1 0 0 2 2 1 1 0 0 0 0 0 1 0 0 0 0 1 0 0 0 1 0 0 0 0 0 0 0 0 0 0 1 0 0 0 0 0 0 0 0 2 0 0 0 0 1 0 1 0 0 0 0 0 0 0 1 0 0 0 0 1 3 0 0 0 0 0 0 1 0 1 0 0 3 0 0 0 0 0 1 0 0 0 1 0 0 0 1 0 1 0 0 0 0 0 1 0 0 1 0 0 0 0 0 0 0 2 0 0 0 0 0 0 0 0 0 0 0 0 0 0 0 0 0 0 0 0 0 0 1 0 0
1_52.jpg	1 0 0 0 0 0 0 0 0 1 0 0 0 0 0 0 0 0 0 0 0 0 0 0 0 0 0 0 1 0 0 0 1 4 0 0 0 0 0 0 2 0 1 0 1 0 0 0 0 0 0 0 0 0 0 0 0 0 2 1 0 0 0 0 0 0 0 0 0 0 0 0 13 0 0 0 0 1 1 0 0 0 0 0 0 0 0 2 3 0 5 0 0 0 0 1 1 12 0 0 1 0 0 0 0 1 2 0 0 0 0 0 0 0 0 0 0 0 0 0 0 0 0 1 0 0 1 0 0 1 0 0 0 0 0 1 0 0 1 0 0 0 0 0 0 0 0 0 0 1 0 0 0 0 0 1 0 0 0 0 0 0 0 0 0 0 0 0 0 0 0 0 0 0 0 0 0 0 0 0 0 0 0 0 0 1 0 2 1 0 0 0 0 0 1 0 0 0 0 0
1_107.jpg	7 3 1 0 0 7 1 0 0 0 1 1 0 1 0 0 0 3 3 0 0 7 0 1 1 0 1 0 0 0 0 0 0 0 6 1 0 0 0 0 0 0 11 0 0 0 1 1 0 1 0 0 2 1 1 0 0 2 0 0 1 0 3 1 0 2 0 1 1 1 0 0 1 0 0 1 0 1 0 1 0 0 0 0 3 0 0 1 2 3 0 0 0 1 0 1 0 2 0 0 3 1 0 0 0 1 0 6 0 0 0 1 0 1 0 0 0 0 0 2 0 3 0 0 1 0 1 0 1 0 0 0 0 0 0 0 0 0 1 0 0 2 0 0 1 0 0 2 0 0 1 0 2 0 0 0 0 0 0 2 0 0 0 4 0 0 0 2 0 1 0 4 0 0 0 0 0 0 2 0 0 1 1 0 0 0 1 0 4 0 0 0 0 0 0 0 0 0 1 0
1_105.jpg	1 0 0 0 1 0 0 0 0 1 0 0 0 0 0 0 0 0 0 0 0 0 0 0 1 0 0 0 0 0 0 0 0 1 0 0 0 0 0 0 1 0 1 0 0 0 0 0 0 0 0 0 0 1 0 0 0 0 1 1 0 0 0 0 0 0 3 2 0 0 0 0 0 0 0 0 0 0 0 0 0 0 0 0 0 0 0 0 1 0 0 0 0 1 0 0 0 0 0 0 0 0 0 1 0 0 0 0 0 0 0 0 0 0 0 0 0 0 0 1 0 0 1 0 0 0 0 0 0 0 0 0 0 0 0 1 0 0 0 0 0 0 0 1 1 0 0 0 0 0 0 1 0 0 0 0 0 0 0 0 0 0 0 0 0 0 0 0 1 0 0 0 0 0 0 0 0 1 0 0 0 0 0 0 0 0 1 1 0 0 0 0 0 0 2 0 1 0 0 0
1_30.jpg	0 2 3 0 0 5 1 0 1 0 2 0 0 0 1 0 0 7 2 2 1 7 0 4 0 0 3 2 1 5 0 1 0 0 0 0 4 0 0 0 0 0 2 3 0 0 0 0 0 1 1 0 2 0 1 0 0 0 0 3 4 3 1 2 0 10 0 0 0 0 1 1 0 0 0 0 0 1 0 0 0 1 0 1 0 0 0 0 1 1 5 1 0 0 0 1 0 0 3 0 0 0 0 0 2 0 0 0 0 0 2 7 0 0 1 1 0 0 3 4 0 1 0 1 0 2 0 0 1 0 0 0 1 1 2 1 0 0 1 1 0 4 1 1 3 0 0 0 3 4 1 1 2 1 0 1 0 0 0 0 1 1 2 1 0 0 2 2 0 0 0 7 0 0 1 1 0 0 0 0 1 0 0 0 5 0 0 0 1 0 0 0 0 0 0 0 10 3 0 0
1_33.jpg	4 3 0 0 0 0 1 0 0 0 0 1 0 1 0 1 0 1 0 0 0 0 1 0 0 0 0 0 0 0 0 0 1 0 0 0 1 0 0 0 1 0 1 0 1 0 1 2 0 0 1 0 0 0 1 0 1 0 1 1 0 0 1 0 0 0 1 1 0 0 1 3 2 0 3 1 0 0 0 1 2 0 0 1 0 2 0 0 1 0 1 0 0 0 0 0 0 7 0 2 0 0 0 0 0 0 1 0 0 2 0 5 1 0 0 0 2 0 1 2 0 0 1 0 0 0 0 0 1 1 1 0 0 0 0 0 0 0 1 0 0 2 0 0 0 0 1 0 1 2 0 1 1 0 2 0 2 1 0 0 1 0 1 6 0 0 0 1 0 0 0 0 2 1 1 1 1 1 0 1 1 0 0 0 2 1 1 0 2 2 0 0 0 0 0 0 0 0 0 0
1_26.jpg	0 0 0 0 0 0 2 0 0 0 0 0 0 0 0 0 0 0 0 0 1 0 0 0 0 0 0 1 0 0 0 0 0 0 1 0 1 0 0 1 0 2 0 0 0 0 0 0 0 2 0 0 0 0 0 0 0 0 0 0 0 0 1 0 0 0 0 0 0 0 0 0 0 0 0 2 0 0 1 0 0 0 0 0 0 0 0 0 3 0 0 0 0 0 0 1 1 0 0 0 0 0 0 0 0 0 2 0 0 0 0 0 0 0 0 0 0 0 0 0 0 0 1 1 0 1 0 0 0 0 0 0 0 0 0 1 1 0 0 0 0 0 0 0 0 0 0 1 0 0 0 0 1 0 0 0 0 0 0 0 0 0 0 0 0 0 0 0 0 0 0 0 0 1 0 0 0 0 0 0 1 0 0 0 0 0 0 2 0 0 0 0 0 0 0 0 0 0 0 0
1_106.jpg	0 0 0 0 0 0 0 1 0 0 0 0 0 0 0 0 0 0 0 0 0 0 0 1 0 0 0 0 0 0 0 0 0 0 0 0 0 0 0 0 0 0 0 0 0 0 0 0 0 0 0 0 0 0 0 0 0 0 2 0 0 0 2 0 0 0 0 0 0 0 0 0 2 0 0 0 0 0 0 0 0 0 0 0 0 0 0 0 1 0 0 0 0 0 0 0 0 0 0 0 0 0 0 0 0 0 2 0 0 0 0 0 0 0 0 0 0 0 0 0 0 0 0 0 0 0 0 0 0 0 0 0 0 0 0 0 0 0 0 0 0 0 0 0 0 0 0 0 0 0 0 0 0 0 0 0 2 0 0 0 0 0 0 0 0 0 0 0 0 0 0 0 0 0 0 0 0 0 0 0 0 0 0 0 0 0 0 0 0 0 0 0 0 0 0 0 0 0 0 0
1_89.jpg	0 0 0 4 0 0 0 1 0 0 0 2 0 1 1 3 0 0 1 0 0 0 0 0 0 2 1 1 1 0 0 1 0 1 3 0 1 0 0 0 0 0 3 0 0 0 1 2 0 0 1 0 0 0 4 0 0 0 0 0 0 0 0 0 1 0 5 1 1 2 1 0 2 0 1 1 0 0 2 1 0 0 0 0 1 0 0 1 1 0 0 0 0 1 0 0 0 0 0 0 0 2 0 0 1 0 0 1 2 5 0 1 0 0 0 1 0 1 0 0 0 0 0 4 3 0 0 0 0 0 0 0 0 2 0 0 4 1 0 0 0 0 0 2 1 0 0 0 0 2 0 1 2 0 0 1 1 2 0 0 3 0 1 0 0 1 0 0 0 0 0 0 0 0 1 0 0 0 0 0 0 0 0 0 0 0 0 0 2 1 1 0 0 1 0 0 0 0 0 0
2_96.jpg	0 0 2 1 2 0 0 2 1 0 1 5 0 0 1 1 0 1 1 0 0 0 0 1 3 0 0 0 1 1 3 1 0 0 0 2 3 1 0 1 0 1 1 1 0 0 0 0 0 1 0 0 1 0 1 2 1 2 0 0 1 5 3 0 1 1 4 2 2 1 0 1 0 1 0 3 1 0 0 1 0 0 0 2 0 1 0 1 0 0 0 1 0 1 0 1 2 0 0 1 0 0 2 0 0 1 1 5 2 3 1 0 5 0 0 1 0 2 0 4 2 1 4 0 0 2 0 0 2 0 0 0 1 2 0 3 0 1 1 3 2 0 0 0 2 0 0 0 6 0 0 0 0 4 6 0 0 0 1 0 3 0 7 1 1 0 0 1 3 3 1 1 0 0 1 0 0 0 1 0 1 0 0 0 6 1 1 1 0 1 1 0 0 2 0 1 0 1 0 0
1_47.jpg	3 1 0 0 1 0 1 0 1 1 0 2 0 1 0 1 0 0 0 1 1 0 2 0 0 4 0 1 1 0 0 0 0 0 1 1 0 1 2 0 0 1 0 0 1 0 1 0 1 0 1 0 1 1 1 1 1 0 0 0 0 0 0 0 0 0 0 2 1 0 0 1 0 0 0 1 1 0 1 1 0 0 0 4 1 0 1 0 0 1 7 0 0 0 0 1 0 0 1 1 1 1 0 0 2 1 1 0 2 2 0 5 1 1 0 1 0 0 0 0 0 0 0 0 1 0 1 0 1 4 0 0 3 1 0 0 1 2 1 0 0 1 0 1 6 1 0 1 0 1 1 1 2 0 0 0 0 0 0 0 2 0 1 3 0 0 0 0 0 0 0 0 3 0 0 1 0 1 0 0 3 0 0 0 1 0 0 0 0 1 0 1 0 1 0 0 0 0 0 0
2_28.jpg	3 0 0 0 0 0 1 0 0 0 0 0 0 1 0 0 0 0 0 0 0 0 1 0 0 0 0 0 0 0 0 0 0 1 1 0 0 0 0 0 0 0 0 0 0 0 0 0 0 0 0 0 0 0 0 0 0 0 1 0 0 0 0 0 0 0 0 0 0 1 1 0 0 0 2 1 0 0 1 1 0 0 0 0 0 0 0 0 0 0 0 0 0 0 0 0 0 0 0 0 0 0 0 0 0 0 0 0 0 0 0 0 0 0 0 0 0 0 0 0 0 0 0 0 0 0 0 0 0 2 0 0 0 0 0 0 2 0 0 0 0 0 0 0 0 1 0 0 0 0 0 0 0 0 1 0 0 1 0 0 0 0 1 0 0 0 0 0 0 0 0 0 0 0 0 0 0 0 0 0 0 4 0 0 0 0 0 1 0 1 1 1 0 0 0 0 0 0 0 1
1_15.jpg	0 0 0 1 1 0 4 1 0 0 0 0 0 0 0 0 0 0 0 0 3 0 0 1 0 0 0 0 0 1 0 1 0 0 2 0 1 0 3 0 0 0 0 0 0 0 1 0 0 1 0 0 0 0 0 0 1 0 0 0 1 0 0 0 0 0 2 1 0 0 0 0 0 0 0 0 0 0 0 0 0 0 0 0 2 1 0 0 0 0 0 0 2 0 0 0 0 0 2 1 0 0 0 0 0 1 0 2 0 0 0 0 0 0 0 0 1 0 0 0 0 0 1 4 0 1 0 0 1 0 0 0 0 0 0 0 0 0 0 0 2 0 0 0 1 0 0 0 0 0 0 0 0 0 1 0 0 0 0 2 0 1 1 0 0 0 0 0 0 1 0 0 0 1 0 2 0 0 3 0 0 0 0 0 2 0 0 0 0 0 0 0 0 1 0 0 0 1 0 0
1_32.jpg	2 0 0 0 0 0 0 0 0 0 0 0 0 0 0 1 0 0 1 0 0 0 0 0 1 0 0 0 0 0 0 0 1 2 0 0 0 0 0 0 1 1 0 0 0 0 0 0 0 0 1 0 0 0 0 0 0 1 0 1 0 0 0 0 1 0 0 0 0 0 0 0 1 0 0 1 0 0 1 1 0 0 0 0 0 0 0 0 1 0 0 0 0 0 0 0 0 1 0 0 0 0 0 0 0 0 0 0 0 0 0 0 0 1 0 0 0 0 0 0 0 0 0 0 0 0 1 0 0 1 0 0 0 0 0 0 0 0 1 0 0 0 0 0 0 0 0 0 0 0 0 0 0 0 0 0 1 0 0 0 0 0 0 3 0 0 0 0 0 0 0 0 0 0 0 1 0 0 1 0 0 0 0 0 0 0 0 0 0 1 0 0 0 0 0 0 1 0 0 0
1_11.jpg	1 0 2 0 0 0 0 1 2 0 1 1 1 0 3 1 0 3 0 0 1 3 1 3 0 1 0 0 1 4 2 0 1 2 1 1 6 0 0 0 0 0 4 2 0 0 0 0 0 0 3 0 3 0 1 0 3 3 0 0 1 1 0 2 0 4 0 2 3 0 0 0 1 0 0 1 0 1 1 1 0 0 0 0 2 1 0 0 0 2 0 0 0 0 0 0 0 0 0 0 0 1 0 0 0 0 0 3 0 0 0 0 1 0 0 0 0 0 0 1 0 0 2 2 1 1 0 0 0 5 0 2 1 0 0 0 1 0 0 0 1 0 0 0 4 0 0 0 0 0 1 1 0 0 0 1 0 0 0 0 0 0 0 0 0 0 0 1 4 1 0 9 0 0 0 1 0 0 0 0 0 0 1 0 0 0 0 0 0 1 1 0 0 0 0 0 6 0 1 0
2_16.jpg	2 0 0 0 0 0 0 0 0 0 0 0 0 0 0 0 1 0 0 0 0 0 0 0 0 0 0 0 0 0 2 0 0 0 0 0 0 0 0 0 0 0 0 0 0 0 0 0 0 0 0 0 0 0 0 0 0 0 1 0 0 0 0 0 0 0 0 0 0 0 0 1 0 0 1 1 0 0 0 0 0 0 0 0 0 0 0 0 0 0 0 0 0 0 0 0 0 3 0 0 0 0 0 0 0 0 0 0 0 0 0 0 0 0 0 0 1 0 0 0 0 0 0 2 0 0 0 0 1 2 0 0 0 0 0 0 0 0 0 0 0 0 0 0 0 0 0 1 0 0 0 0 2 0 0 0 1 0 0 0 0 0 0 0 0 0 0 0 0 0 0 0 2 0 0 0 0 0 0 0 0 0 0 0 0 0 0 0 2 0 0 0 0 0 0 0 0 0 0 0
1_92.jpg	5 0 0 1 0 0 0 0 0 0 0 0 1 0 0 1 0 0 0 0 0 0 0 0 0 0 0 0 0 0 0 0 0 1 1 0 0 1 0 0 3 0 0 0 0 0 0 0 0 0 0 0 0 0 0 0 0 5 0 0 0 0 0 1 2 0 1 0 0 0 0 0 1 0 0 0 0 0 0 0 0 0 0 0 0 0 0 1 3 0 4 0 0 0 0 0 1 0 1 1 0 0 0 1 0 0 1 0 0 0 2 1 0 0 0 0 0 0 0 0 0 0 0 4 1 0 0 0 1 2 0 0 0 0 0 0 3 0 1 0 0 2 0 0 0 0 0 0 0 1 0 0 0 0 0 0 1 2 1 0 0 0 1 1 0 0 0 0 0 0 0 0 0 0 0 4 0 0 0 0 0 1 0 0 0 0 0 1 0 0 0 0 0 0 3 0 0 0 0 0
2_101.jpg	5 0 0 0 0 0 3 0 0 0 0 0 1 0 0 0 0 0 0 1 1 0 0 0 0 0 0 0 1 0 0 0 1 2 4 0 0 1 0 0 0 0 0 0 0 1 0 0 2 0 0 0 0 0 0 0 0 0 0 0 0 0 0 0 0 0 0 0 0 0 3 1 2 0 0 0 0 0 0 0 0 0 0 0 0 0 0 0 1 0 0 0 1 1 0 0 0 0 0 0 0 0 0 0 0 0 0 0 0 0 0 0 0 0 1 0 1 0 0 0 0 0 0 0 0 1 0 0 0 0 0 0 0 2 0 1 0 0 0 0 0 0 1 0 0 0 0 1 0 2 0 0 0 0 0 0 1 0 0 0 0 0 0 1 0 0 1 0 0 1 0 0 1 0 0 1 0 0 1 0 0 0 0 1 0 0 0 0 0 0 1 0 0 0 0 0 0 1 0 0
1_41.jpg	0 1 0 1 1 2 2 0 1 1 1 0 0 0 4 0 1 3 1 0 2 0 2 0 0 2 0 1 0 3 0 1 1 1 0 0 1 3 2 0 1 0 3 0 0 1 0 1 0 0 0 0 0 3 0 0 3 1 0 0 2 4 0 0 0 0 1 0 1 0 0 1 1 0 0 0 1 0 0 1 0 0 0 0 1 1 2 0 0 1 0 0 1 0 0 0 2 0 0 1 0 2 0 0 2 1 0 0 0 0 0 2 0 0 1 1 0 0 0 0 1 2 3 2 0 0 0 0 0 0 1 2 0 0 0 1 0 0 0 0 0 0 0 1 4 0 0 0 0 0 1 0 0 0 1 0 0 0 0 0 0 1 1 0 0 0 0 1 1 0 3 0 0 0 0 0 0 5 0 0 0 0 0 0 0 1 0 0 0 1 0 1 0 1 2 0 0 1 0 0
1_38.jpg	1 1 0 0 0 0 0 0 0 0 0 0 0 0 0 0 0 0 0 1 0 0 0 0 0 0 0 0 0 0 1 0 0 1 0 0 1 0 0 0 1 0 0 0 0 0 0 0 0 0 0 0 0 0 2 1 0 0 0 1 0 0 0 0 0 0 0 0 1 0 0 0 0 0 0 0 0 0 0 0 0 0 0 0 0 0 0 0 0 0 0 0 0 0 0 0 0 0 0 0 0 0 0 0 0 0 0 0 0 0 0 0 0 0 0 0 0 0 0 0 0 0 0 0 0 0 0 0 0 2 1 0 0 0 0 0 1 0 0 0 0 0 0 0 0 0 0 0 0 0 0 1 0 0 0 0 0 0 0 0 0 0 0 0 0 0 0 0 0 0 0 0 0 0 1 0 0 0 0 0 0 2 0 0 0 0 0 0 0 0 0 0 0 0 0 0 0 0 0 0
1_17.jpg	0 0 1 1 1 0 0 1 0 1 0 1 0 0 1 0 1 5 0 0 0 1 1 0 0 1 1 0 3 2 0 0 0 0 0 0 0 1 0 0 0 0 0 0 0 0 0 0 0 0 0 0 0 2 0 0 0 0 0 0 0 0 0 0 1 3 5 0 0 1 0 0 1 1 0 0 0 0 0 0 1 0 0 0 0 1 0 0 0 0 0 0 0 0 0 0 0 0 5 1 0 1 0 1 2 0 1 1 0 0 0 3 0 0 0 0 0 1 2 0 1 1 1 0 1 1 0 0 0 0 0 0 1 1 0 0 0 3 0 0 0 1 1 0 0 0 0 0 0 1 1 0 0 1 0 0 0 0 0 0 1 1 1 0 0 1 0 1 0 1 1 1 1 0 0 0 0 1 1 0 1 0 1 2 0 0 0 0 0 0 0 1 0 1 0 0 0 0 1 0
1_60.jpg	0 0 0 0 0 0 0 0 0 0 0 0 0 0 0 0 0 0 0 0 0 0 0 0 0 0 0 0 0 0 0 0 0 1 3 0 0 0 0 0 0 0 0 0 0 0 0 0 0 0 0 0 0 0 0 0 0 0 1 0 0 0 0 0 0 0 0 0 0 0 1 1 1 0 0 0 0 0 0 0 0 0 0 0 0 0 0 0 0 0 0 0 0 0 0 0 0 1 0 0 0 0 0 0 0 0 0 0 0 0 0 0 0 0 0 0 0 0 0 0 0 0 0 2 0 0 0 0 0 1 0 0 0 0 0 0 1 0 0 0 0 0 0 0 0 0 0 0 0 0 0 0 2 0 0 0 0 1 0 0 0 0 0 1 0 0 1 0 0 0 0 0 0 0 0 2 0 0 0 0 0 0 0 0 0 0 0 2 0 1 1 0 0 0 0 0 0 0 0 0
1_67.jpg	0 0 3 0 0 0 0 2 0 0 0 0 0 0 1 1 0 4 2 1 0 1 0 1 1 0 1 0 1 0 0 0 0 0 0 1 4 1 1 0 0 0 2 1 0 1 0 0 0 0 1 0 1 0 0 0 0 0 0 0 1 1 0 0 0 0 1 1 1 1 0 1 0 2 0 1 0 0 0 0 0 0 0 0 0 1 0 0 2 1 4 1 0 0 0 0 1 0 1 1 0 0 1 0 0 0 1 2 0 1 1 0 2 0 0 0 0 0 2 0 1 1 1 4 1 1 0 0 1 0 0 0 1 0 0 0 0 1 0 1 2 0 2 0 2 1 0 0 0 3 1 1 2 0 1 1 1 1 0 0 0 0 1 4 0 1 1 2 0 0 1 7 3 0 0 1 0 0 2 0 0 0 0 1 2 2 1 0 1 0 0 3 2 0 0 0 11 2 1 0
1_59.jpg	0 1 1 0 0 0 1 0 1 1 0 0 0 0 0 0 0 2 2 0 1 2 0 0 0 0 5 0 0 0 1 0 0 0 0 2 0 1 0 0 0 1 9 2 0 1 2 0 0 0 1 0 2 0 0 1 1 0 3 0 1 0 0 1 0 1 0 0 0 1 0 0 0 0 4 0 1 0 1 1 0 0 0 1 1 2 1 1 0 2 0 0 0 0 0 0 0 0 1 0 0 2 0 0 3 1 0 0 0 0 0 0 1 0 0 1 0 0 0 2 0 0 1 2 0 1 1 0 0 0 0 3 1 0 0 0 1 1 0 0 0 4 0 0 2 0 0 0 0 0 1 1 0 0 0 0 0 0 0 3 1 0 0 1 0 0 0 2 0 0 0 1 0 0 0 0 0 0 0 0 1 0 0 0 0 0 0 0 2 0 3 1 0 0 1 0 0 0 0 0
1_24.jpg	0 0 2 0 0 0 1 2 2 0 1 0 5 1 1 0 0 5 0 0 0 3 1 5 0 0 0 0 0 0 0 0 0 0 0 0 2 0 0 0 1 0 4 3 0 0 0 0 0 0 2 0 1 0 1 0 3 0 0 1 0 1 0 2 0 6 0 1 0 0 0 1 0 1 0 1 0 1 0 0 0 0 0 0 1 1 0 0 1 3 0 0 0 0 0 0 0 0 0 0 0 1 0 0 1 0 0 3 1 0 0 0 1 0 0 1 0 0 0 2 0 0 0 0 0 1 0 0 0 12 0 2 0 0 0 0 1 0 1 1 0 0 0 0 4 0 0 0 2 0 1 0 0 0 0 0 0 0 0 0 0 0 0 3 0 0 0 3 0 1 0 6 0 0 1 0 0 0 0 0 0 0 1 0 1 0 0 0 0 1 1 0 0 1 0 0 3 0 0 0
1_90.jpg	0 1 0 0 0 0 0 0 0 0 0 0 1 0 0 0 0 0 0 2 0 0 0 0 0 0 0 0 0 0 0 0 0 0 0 0 0 0 0 0 1 0 0 0 0 0 0 2 0 0 0 0 0 0 0 2 0 0 4 0 0 0 0 0 0 0 0 0 0 0 0 0 4 0 8 0 0 0 2 0 0 0 0 0 0 0 0 1 0 0 0 0 0 0 3 0 0 4 0 0 0 0 0 0 0 0 0 0 0 0 0 0 0 0 0 0 0 0 0 0 0 0 0 0 0 0 0 0 0 2 1 0 0 0 0 0 0 0 0 0 0 0 0 3 0 0 0 0 0 0 0 0 8 0 0 0 0 9 0 0 1 0 0 1 0 0 0 0 0 0 0 0 0 0 0 0 0 0 0 0 0 0 0 0 0 0 0 0 2 0 0 0 0 0 1 0 0 0 0 0
1_12.jpg	3 1 0 0 0 0 0 0 0 0 0 0 0 0 0 0 0 0 0 0 1 0 0 0 0 1 0 0 0 1 0 0 0 0 0 0 0 0 0 0 0 1 0 0 0 1 0 0 0 0 0 0 0 0 0 0 0 0 0 0 0 0 0 0 1 0 0 0 0 0 0 1 0 0 0 0 0 0 0 0 0 0 0 0 0 0 0 0 0 0 2 0 0 0 0 0 0 0 0 0 0 0 0 0 0 0 0 0 0 0 0 0 0 0 0 0 0 0 0 0 0 0 0 1 0 0 0 0 0 0 0 0 0 0 0 0 0 0 0 0 0 0 0 0 0 0 0 0 0 1 0 0 0 0 0 0 0 0 0 0 0 0 1 0 0 1 0 0 0 0 1 0 0 0 0 2 0 0 0 0 0 0 0 0 0 0 0 0 0 0 0 0 0 0 2 0 1 0 0 0
2_25.jpg	2 0 0 0 0 0 0 0 0 1 0 0 0 0 0 0 0 0 1 0 0 0 0 0 0 0 0 0 0 0 0 0 0 0 4 0 0 0 0 0 0 0 0 0 0 0 0 0 0 0 0 0 0 0 0 0 0 0 1 1 0 0 0 1 0 0 0 0 0 0 0 1 1 0 1 0 0 0 0 0 0 1 0 0 0 0 0 0 0 0 0 0 0 0 0 1 0 1 0 0 0 0 0 0 0 0 0 0 0 0 0 0 0 1 0 0 0 0 0 0 0 0 0 1 0 0 1 0 0 0 0 0 0 0 0 0 0 0 0 0 0 0 0 0 0 0 0 1 0 0 0 2 0 0 0 0 1 0 0 0 0 0 0 0 0 0 0 0 0 0 0 0 0 0 0 0 0 0 0 0 0 0 0 0 0 0 0 0 1 0 0 0 0 0 0 0 0 0 0 0
2_43.jpg	0 0 0 0 1 0 0 0 0 0 0 0 0 1 0 0 1 0 0 2 1 0 0 0 0 0 0 0 0 0 0 0 0 0 1 0 0 1 0 0 1 0 0 0 1 2 0 0 1 1 0 0 1 0 1 0 0 0 0 1 0 0 0 0 0 0 0 0 0 0 3 2 0 0 0 0 0 0 0 0 0 1 0 0 0 1 0 0 0 0 0 1 1 0 0 0 0 0 0 0 0 1 0 0 0 0 1 0 0 0 0 0 1 0 0 2 1 0 0 0 0 0 0 1 0 0 0 0 2 0 0 0 0 2 0 0 0 1 1 0 0 0 0 1 0 0 0 0 0 0 0 0 2 0 0 0 0 0 0 0 0 0 1 0 0 0 0 0 0 0 0 0 1 0 0 4 0 0 0 0 0 0 0 0 0 0 0 0 0 0 0 0 0 0 1 0 0 2 0 0
2_36.jpg	4 0 1 0 2 0 1 0 0 0 0 0 0 0 3 0 0 0 0 0 0 0 0 0 0 0 0 0 0 2 0 0 1 1 2 0 0 4 0 0 1 0 0 0 0 0 0 0 1 0 1 0 0 0 0 0 1 1 0 1 0 0 0 2 0 0 0 0 0 0 4 0 0 1 1 1 0 0 1 0 0 0 0 0 0 0 0 0 0 0 0 0 0 0 0 2 0 0 0 0 0 0 0 0 1 0 0 0 1 0 0 0 0 1 0 2 3 0 0 0 0 0 0 2 0 0 0 0 0 4 0 0 0 0 0 1 0 0 1 0 0 0 0 1 0 0 1 5 0 0 0 1 2 0 1 0 0 1 0 0 1 0 0 1 0 0 0 0 1 0 0 0 0 0 0 1 0 0 0 0 0 1 0 0 0 0 0 1 0 0 0 0 1 0 1 0 0 0 0 0
1_19.jpg	1 0 4 0 0 6 0 1 0 0 0 0 0 0 1 0 0 1 2 0 0 7 0 4 0 0 0 0 0 0 0 0 0 2 0 0 0 1 0 0 0 0 4 0 1 0 0 0 5 0 0 0 0 0 0 0 0 1 0 1 1 0 2 0 1 0 0 1 3 1 0 0 3 0 0 2 0 0 0 0 0 1 0 0 0 0 0 0 0 1 1 1 0 1 0 0 2 0 2 1 1 0 0 0 0 0 0 1 0 0 0 1 0 0 4 0 0 0 0 1 0 3 0 0 0 0 0 0 1 0 0 0 0 0 0 1 0 0 0 0 1 2 0 0 0 0 0 0 0 0 0 1 0 0 0 0 0 0 0 3 0 0 0 0 1 0 0 0 1 0 1 2 0 0 0 0 0 0 0 0 1 0 0 2 1 0 1 0 1 0 1 0 0 0 2 0 0 0 0 0
1_22.jpg	2 1 0 0 0 0 0 1 0 0 0 0 1 2 0 0 0 0 0 1 2 0 1 2 1 0 0 0 0 0 1 0 0 2 1 0 0 1 1 0 0 0 0 0 0 1 0 1 0 0 0 0 0 0 1 3 0 0 1 0 0 0 0 0 0 0 0 0 0 0 1 1 1 1 1 0 0 0 0 2 1 1 0 2 0 0 0 1 0 0 0 0 0 0 0 0 0 0 0 0 1 0 0 0 0 0 1 2 0 0 1 0 0 0 0 0 0 1 1 0 0 0 0 1 1 0 0 0 1 0 0 0 0 2 0 1 4 0 0 0 0 0 0 0 0 0 0 0 0 0 0 0 5 1 0 0 2 4 0 0 0 1 0 2 0 2 2 0 0 0 0 0 0 0 0 3 0 0 0 0 1 2 0 0 0 0 0 0 0 2 0 1 0 0 1 0 0 2 0 0
1_104.jpg	3 0 0 0 0 0 0 0 0 0 0 0 2 1 0 11 0 0 0 0 0 0 0 0 3 9 0 7 0 2 0 0 1 0 0 0 0 0 0 0 1 0 0 0 0 0 0 1 0 0 1 0 0 1 0 0 0 0 0 0 0 0 0 0 2 0 0 1 0 0 0 0 0 0 1 0 1 0 0 0 0 0 0 0 0 0 0 3 0 0 4 0 1 1 0 0 0 0 0 1 0 0 0 0 0 0 2 0 0 1 0 2 0 0 0 0 0 1 0 0 0 0 0 0 0 0 0 0 0 11 2 0 0 0 0 0 2 0 0 0 0 0 0 1 0 0 0 0 0 3 0 0 1 0 0 0 0 1 0 0 0 1 0 0 0 1 0 0 0 1 2 0 0 0 1 0 0 0 0 0 0 0 0 1 1 5 0 0 0 0 0 0 0 0 1 0 1 0 0 0
2_98.jpg	5 0 0 0 0 0 0 0 0 1 0 0 1 0 0 0 0 0 0 1 0 0 0 0 0 0 0 0 0 0 0 0 0 0 1 0 0 0 0 0 1 0 0 0 0 0 0 0 0 0 0 0 0 0 1 0 0 0 1 0 0 0 0 0 1 0 0 0 0 0 1 0 0 0 1 0 0 0 0 1 1 0 0 0 0 1 0 1 1 0 0 0 0 0 0 0 0 0 0 0 0 0 0 0 0 0 0 0 0 0 0 0 1 0 0 0 0 0 0 0 1 0 1 0 0 0 0 0 0 1 0 0 0 0 0 0 1 0 0 0 0 0 1 0 0 0 0 1 0 0 0 0 2 0 0 0 0 0 0 0 0 0 0 0 0 1 0 0 0 0 0 0 1 0 0 0 0 0 0 0 0 0 0 0 0 0 0 0 1 0 0 0 0 0 0 0 0 1 0 0
1_39.jpg	3 1 2 0 0 1 0 2 1 1 0 0 0 2 1 0 1 3 1 0 0 3 2 3 0 0 1 0 0 1 0 0 0 1 0 0 2 1 1 0 0 0 0 2 1 1 0 0 3 1 1 0 2 2 0 0 0 0 0 2 1 0 0 2 1 4 0 3 0 0 0 1 3 0 0 0 0 0 0 0 1 1 0 1 1 0 0 1 0 1 0 1 2 3 0 0 1 2 2 0 0 1 0 0 1 1 0 3 0 2 1 2 0 0 0 0 0 0 1 3 0 1 0 2 0 0 0 0 1 0 1 1 2 0 0 1 0 1 0 0 1 1 1 1 2 0 0 0 0 2 0 0 1 0 1 0 1 0 0 2 1 1 1 0 0 0 0 1 2 0 0 3 0 0 0 0 0 1 2 0 2 0 1 1 1 1 2 0 0 1 1 0 1 0 0 0 1 0 1 0
2_33.jpg	0 0 0 2 1 0 1 0 0 0 0 2 0 0 3 0 5 1 0 1 4 0 4 1 1 1 0 0 0 2 0 2 0 0 0 0 2 0 2 0 0 0 1 0 1 1 1 0 0 2 3 0 0 0 0 0 3 3 0 1 1 4 0 0 1 1 6 1 1 0 0 1 0 0 0 1 0 1 1 1 0 0 1 2 0 1 2 0 3 0 1 0 0 1 0 0 1 0 1 0 1 4 0 0 1 0 0 1 0 1 2 3 0 0 1 0 0 0 0 0 3 0 3 0 1 1 0 0 0 0 0 0 0 4 0 0 1 0 2 1 0 1 0 0 4 1 0 0 0 1 0 1 1 1 0 0 0 0 0 0 2 0 1 0 0 0 1 0 1 2 2 0 0 0 0 1 0 2 1 0 1 1 0 1 1 0 0 1 0 1 0 0 1 1 2 0 0 2 2 0
2_91.jpg	2 0 0 0 2 0 0 2 0 2 0 0 0 0 0 2 0 0 1 1 1 0 2 0 1 1 0 0 0 0 1 1 0 0 0 0 0 1 0 0 1 0 0 0 1 0 0 0 0 1 1 0 0 1 0 0 0 1 3 0 0 0 1 1 0 0 0 1 0 0 1 1 0 1 1 1 0 1 1 0 1 2 0 0 0 1 0 0 3 0 0 0 2 0 0 1 0 0 1 0 0 0 0 0 0 2 1 2 1 1 2 0 0 1 1 0 1 0 0 0 1 0 0 5 1 0 0 0 1 1 0 0 2 1 0 1 0 0 1 0 0 0 1 0 0 2 1 0 0 0 0 0 1 0 0 0 0 0 1 0 0 1 0 0 0 0 0 0 0 1 0 1 0 0 0 0 0 0 0 0 0 1 0 0 0 3 0 0 2 2 0 0 0 2 0 0 0 0 0 0
2_34.jpg	2 0 0 0 1 0 0 0 0 1 0 0 1 1 1 0 0 0 0 0 2 0 0 0 0 0 0 0 0 0 0 0 0 0 1 0 0 0 0 0 0 0 0 0 1 0 0 0 1 0 0 0 0 0 0 1 0 0 1 0 0 0 0 1 0 0 0 0 0 0 2 1 0 0 1 1 0 0 3 0 0 0 0 0 0 0 0 0 0 0 1 0 0 2 0 0 0 0 0 0 1 0 0 0 0 0 1 0 0 0 0 0 0 1 1 0 0 0 0 0 0 0 0 1 1 0 3 0 1 0 0 0 0 0 0 0 3 0 0 1 0 0 0 0 0 1 0 2 1 3 0 1 3 0 0 0 3 4 0 0 0 0 0 2 2 0 1 0 0 0 0 0 0 0 0 0 0 0 0 0 0 2 1 0 0 0 0 0 0 0 0 0 0 0 0 0 0 2 0 0
2_48.jpg	0 0 0 0 0 0 0 0 0 0 0 0 0 0 0 0 0 0 0 0 0 0 0 0 0 0 0 0 0 0 0 0 0 0 0 0 0 0 0 0 0 1 0 0 0 0 0 0 0 0 0 0 0 0 0 0 0 1 0 0 0 0 0 0 0 0 0 0 0 0 0 0 0 0 0 1 0 0 0 0 0 0 0 0 0 0 0 0 0 0 0 0 0 0 0 0 0 0 0 0 0 0 0 0 0 0 0 0 0 0 0 0 0 0 0 0 1 0 0 0 0 0 0 0 0 0 0 0 0 0 0 0 0 0 0 0 0 0 0 0 0 0 0 0 0 0 0 0 0 0 0 0 1 0 0 0 0 0 0 0 0 0 0 0 0 0 1 0 0 0 0 0 0 0 0 1 0 0 0 0 0 1 0 0 0 0 0 0 0 0 0 0 0 0 0 0 0 0 0 0
1_57.jpg	0 0 0 5 1 0 0 0 0 0 0 2 0 0 0 0 1 0 0 0 2 0 2 1 0 0 1 0 0 7 1 0 0 0 1 0 1 1 3 0 0 0 1 0 0 0 0 0 0 0 0 0 0 0 0 0 1 0 0 0 0 1 0 0 0 0 2 2 0 0 0 0 0 0 0 0 0 0 0 0 0 0 1 0 1 0 0 0 1 0 0 0 0 0 0 0 0 0 7 0 1 0 0 1 2 0 0 0 0 1 0 4 0 0 2 0 0 1 0 0 0 3 5 1 0 1 0 0 0 0 0 1 0 0 0 0 0 0 0 0 0 4 0 0 0 0 0 0 0 1 0 0 0 0 0 0 0 0 0 5 0 2 0 0 0 0 1 0 4 0 0 2 0 0 0 0 0 0 0 0 1 0 1 1 0 0 0 0 0 0 0 0 0 0 0 0 0 0 6 0
2_15.jpg	0 0 0 0 1 0 0 0 0 0 0 0 0 1 0 0 0 0 0 0 0 0 0 0 0 0 0 0 0 0 1 0 0 0 0 0 0 0 0 0 0 0 0 0 0 0 0 0 0 0 0 0 0 0 0 0 0 1 0 0 0 0 0 0 0 0 0 0 0 0 0 0 0 0 0 0 1 0 0 0 0 0 0 0 0 0 0 0 0 0 0 0 0 0 0 1 0 0 0 0 0 0 0 0 0 0 0 0 0 0 0 0 0 1 0 1 1 0 0 0 1 0 0 0 0 0 0 0 0 1 0 0 0 0 0 0 1 0 1 0 0 0 0 0 0 0 0 2 0 2 0 0 1 0 0 0 0 1 0 0 0 1 0 0 1 0 0 0 0 0 0 0 0 0 0 0 0 0 0 0 1 1 0 0 1 0 0 0 0 0 0 0 0 0 0 0 0 1 0 0
2_21.jpg	4 0 0 0 0 0 0 0 0 1 0 0 0 0 0 0 1 0 0 0 0 0 0 0 0 0 0 0 0 0 0 0 1 1 0 0 0 0 0 0 0 0 1 0 0 1 0 0 0 0 0 0 0 0 0 0 0 0 1 1 0 0 0 3 0 0 0 0 1 1 0 0 0 0 2 1 0 0 0 0 0 0 0 0 0 1 0 0 0 0 0 0 0 0 0 0 0 1 0 0 0 0 0 0 0 0 0 1 2 1 0 0 0 2 0 0 0 0 0 0 0 0 0 2 1 0 0 1 0 0 0 0 0 0 0 0 1 0 0 0 0 0 0 0 0 0 0 3 0 0 0 2 0 0 0 0 0 0 0 0 1 1 0 1 0 0 0 0 0 1 0 0 0 0 0 0 0 0 0 0 1 0 0 0 1 0 0 0 0 0 0 1 0 0 0 0 0 0 0 0
1_29.jpg	2 1 1 0 0 2 0 0 4 1 0 0 0 0 0 2 0 15 0 1 0 4 0 1 0 3 10 0 0 0 0 0 2 0 0 3 2 0 0 0 1 0 0 8 0 0 0 2 0 0 3 0 4 0 7 0 0 0 1 0 4 0 0 0 0 10 0 1 0 0 0 2 4 3 1 0 0 0 2 3 2 2 0 11 1 2 0 0 0 3 0 1 0 0 0 3 0 0 0 0 1 0 0 0 0 1 4 3 0 0 4 0 4 0 0 3 0 0 13 1 0 0 0 3 0 0 0 1 0 0 0 0 2 0 0 0 0 0 0 0 0 3 0 0 6 1 0 1 1 2 0 1 6 1 0 0 1 3 0 0 8 0 0 5 1 1 0 0 0 1 0 3 3 0 0 1 0 0 0 0 3 0 0 0 1 0 2 0 2 0 0 7 2 0 0 0 1 1 0 0
2_35.jpg	0 0 0 2 3 1 2 0 2 0 1 1 0 0 6 0 0 0 0 0 0 0 4 1 0 0 1 0 0 0 0 3 0 0 0 0 6 2 0 15 0 0 0 0 2 0 1 0 0 1 4 0 0 3 0 0 0 1 0 0 0 4 0 0 3 0 4 4 0 2 0 0 0 0 0 0 0 0 0 1 0 0 0 0 1 0 5 0 0 0 0 0 0 2 0 0 8 0 1 1 0 5 0 0 1 3 1 0 8 1 0 0 1 0 2 0 0 1 0 1 0 0 3 0 0 2 0 0 0 0 0 0 5 0 0 0 0 1 1 4 3 0 0 0 0 0 0 0 1 0 0 0 1 1 5 0 0 0 0 0 0 0 5 0 0 0 0 3 2 0 0 0 0 0 0 0 0 1 1 0 1 1 0 2 2 1 0 0 1 0 0 0 0 0 0 0 0 1 0 0
1_91.jpg	1 0 2 0 1 13 0 0 0 0 0 0 0 0 1 0 1 11 1 2 0 14 0 1 0 0 0 0 1 1 2 2 1 1 0 1 0 0 3 0 0 0 13 2 1 0 1 1 2 0 0 0 2 0 0 0 2 0 0 3 11 1 4 0 1 8 0 2 0 0 0 3 3 1 0 0 1 1 1 1 0 2 0 2 0 1 0 1 0 8 0 0 0 0 0 0 0 5 0 3 0 0 3 0 2 1 1 0 0 0 2 1 0 1 0 0 0 1 2 6 0 0 0 4 2 0 0 1 1 0 0 2 0 1 0 0 2 0 0 0 0 9 2 1 4 1 0 0 0 1 1 1 1 2 0 0 1 1 0 0 5 0 0 5 0 0 2 2 0 1 0 0 2 0 0 0 0 1 0 0 1 0 1 0 1 2 1 1 2 0 3 0 0 1 2 0 1 2 0 0
1_95.jpg	0 1 0 0 0 0 0 1 0 0 0 0 0 0 0 0 0 0 0 0 0 0 0 0 1 0 0 0 0 0 0 0 0 0 0 0 0 0 0 0 0 0 0 0 0 0 0 0 0 0 0 0 0 0 0 0 0 0 1 0 0 0 1 0 0 0 0 0 0 0 0 0 0 0 1 0 0 0 0 0 0 0 0 0 0 0 0 0 0 0 0 0 0 0 0 0 0 1 3 0 0 0 0 0 0 0 0 0 0 0 0 2 0 0 2 0 0 0 0 0 0 0 0 0 0 0 0 0 0 0 0 0 0 0 0 0 0 0 0 0 0 0 0 0 0 0 0 0 0 0 0 0 1 0 0 0 2 0 0 0 0 0 0 0 0 0 0 0 0 0 0 0 0 0 0 1 0 1 0 0 0 0 0 1 0 0 0 0 0 0 0 0 0 0 0 0 0 0 0 0
1_49.jpg	0 0 0 0 1 1 2 0 0 0 0 1 0 0 0 0 0 0 0 0 1 0 0 1 0 0 0 1 0 3 0 0 0 1 0 0 0 1 2 0 0 0 0 0 0 0 3 0 0 0 1 0 0 0 0 0 0 0 0 0 0 1 0 0 2 0 2 1 0 1 0 0 1 0 0 0 0 0 0 0 0 0 0 2 4 0 1 1 0 0 0 1 3 1 0 0 0 0 2 1 0 0 0 0 0 0 0 0 0 1 0 1 0 0 0 0 0 0 0 0 0 1 2 1 2 2 0 0 1 0 0 0 1 0 0 0 0 1 0 0 1 0 0 0 0 0 0 0 0 3 1 0 0 0 0 1 0 0 0 1 0 3 0 0 0 1 0 0 0 0 0 0 0 0 0 1 0 1 0 0 1 0 1 1 2 0 0 0 0 0 0 0 0 0 0 0 2 0 3 0
1_21.jpg	0 0 0 1 0 0 0 0 0 0 0 0 0 0 0 0 0 0 0 0 0 0 0 0 0 0 0 1 0 0 0 0 0 0 0 0 0 0 0 0 1 0 0 0 0 0 0 0 0 0 0 0 0 0 0 0 0 0 1 0 0 0 0 0 0 0 0 0 0 0 0 0 1 0 3 0 0 0 0 0 0 0 0 0 0 0 0 0 0 0 3 0 0 0 0 0 0 5 0 0 0 0 0 0 0 0 0 0 0 0 0 4 0 0 0 0 0 0 0 0 0 0 0 0 0 0 0 0 0 6 0 0 0 0 0 0 0 0 0 0 0 0 0 0 0 0 0 0 0 0 0 0 0 0 0 0 0 0 0 0 0 0 0 0 0 0 0 0 0 0 0 0 0 0 0 0 0 0 0 0 0 0 0 0 0 0 0 0 0 0 0 0 0 0 0 0 0 0 0 0
1_68.jpg	1 1 0 0 0 0 0 0 0 0 0 0 0 0 0 0 0 0 0 0 0 0 0 0 0 1 0 0 0 0 1 0 0 0 4 0 0 0 0 0 0 0 0 0 0 0 0 0 0 0 0 0 0 0 0 0 0 0 0 0 0 0 0 0 0 0 0 0 0 0 0 0 0 0 0 0 0 0 0 0 0 0 0 0 0 0 0 0 3 0 0 0 0 0 0 0 0 0 0 0 0 0 0 0 0 0 1 0 0 0 0 0 0 0 0 0 0 0 0 0 0 0 0 3 0 0 1 0 0 1 0 0 0 0 0 0 0 0 0 0 0 0 0 0 0 0 0 0 0 0 0 0 1 0 0 0 3 0 0 0 0 0 0 0 0 0 0 0 0 0 0 0 0 0 0 4 0 0 0 0 0 0 0 0 0 0 0 0 0 0 0 0 0 0 0 0 0 1 0 0
2_99.jpg	0 0 0 0 3 0 0 0 2 0 1 0 0 0 2 2 1 0 1 0 2 0 2 0 3 0 0 0 4 2 2 0 1 0 0 0 0 2 2 0 2 0 0 0 0 1 1 0 3 1 0 0 0 0 2 0 0 0 0 0 0 4 1 2 0 0 2 0 1 0 2 0 0 0 0 0 2 0 4 1 2 0 0 1 2 2 2 0 3 0 0 0 6 5 0 0 0 0 0 1 0 2 1 1 0 1 0 0 1 2 3 0 0 0 1 0 2 2 0 1 1 0 2 4 0 0 2 0 2 0 0 0 5 1 0 1 2 2 0 0 1 0 1 0 1 0 0 2 0 0 1 0 2 0 3 0 0 0 0 0 2 1 1 0 1 1 0 0 2 0 0 0 2 0 0 0 1 1 1 0 0 3 0 0 2 0 0 3 1 2 0 0 1 3 0 0 0 0 3 1
1_40.jpg	1 0 0 1 1 0 0 0 1 0 0 0 0 1 0 0 0 0 1 0 2 0 0 0 1 0 0 0 0 0 1 0 0 1 1 0 1 0 0 0 0 0 1 0 1 0 0 0 2 1 0 0 0 0 0 0 1 0 3 3 0 0 1 2 0 0 0 0 0 0 2 0 10 0 0 0 0 0 0 0 0 0 0 0 0 0 0 0 0 0 0 0 0 0 0 0 0 7 1 0 1 0 2 0 1 0 0 0 0 0 0 0 0 2 0 0 1 1 0 0 0 0 0 1 0 0 0 0 0 0 0 0 0 0 0 1 0 0 0 0 0 1 0 0 1 0 0 0 0 1 0 0 0 0 0 0 1 1 0 0 0 3 0 2 1 0 0 0 0 0 1 0 0 0 0 0 0 0 0 0 0 0 0 1 1 0 0 1 0 0 0 0 0 0 0 0 0 0 1 0
1_35.jpg	1 1 0 0 1 0 0 0 0 0 0 0 0 0 0 0 0 0 0 0 0 0 0 0 0 0 0 0 0 0 0 0 0 0 0 0 0 2 0 0 0 0 0 0 0 0 0 0 0 0 0 0 0 1 0 0 0 2 0 0 0 0 0 0 0 0 1 0 0 0 0 0 0 0 0 0 0 0 0 0 1 0 0 0 0 0 0 0 0 0 1 0 0 0 0 0 0 0 1 0 0 0 0 0 1 0 0 0 0 1 0 0 0 0 1 0 0 0 0 0 0 0 0 0 0 0 0 0 0 0 0 0 0 1 0 0 0 0 0 0 0 1 0 0 0 0 0 0 0 0 0 0 0 0 1 0 0 0 0 0 0 1 0 0 0 0 0 0 0 1 0 1 0 0 0 0 0 0 0 0 0 0 0 1 0 0 0 0 0 0 0 0 0 0 0 0 0 0 1 0
2_105.jpg	3 0 0 0 0 0 0 0 0 0 0 0 0 3 0 0 2 0 0 0 1 0 0 0 0 0 0 0 0 0 0 0 0 0 0 0 0 0 0 0 1 0 0 0 0 0 0 0 0 0 0 0 0 0 0 0 1 0 0 0 0 0 0 0 0 0 0 0 0 0 1 0 0 0 0 0 0 0 1 0 0 0 0 0 0 0 0 0 0 0 0 0 0 0 0 0 0 0 0 0 0 0 0 0 0 1 0 0 0 0 0 0 0 0 0 0 0 0 0 0 0 0 0 0 1 0 1 0 0 2 0 0 0 0 0 0 2 0 0 0 0 0 0 0 0 0 0 0 0 0 0 0 1 0 0 0 0 0 0 0 0 0 0 0 0 0 0 0 0 1 0 0 0 0 0 0 0 0 0 0 1 0 0 0 0 0 0 0 0 0 0 0 0 0 0 0 0 2 0 0
2_13.jpg	2 1 0 0 1 0 0 0 0 0 0 0 0 0 0 0 0 0 0 0 0 0 0 0 0 0 0 0 1 0 1 0 0 1 0 0 0 0 1 0 0 0 0 0 1 0 1 0 0 0 0 0 0 1 0 0 0 0 1 0 0 0 0 1 0 0 0 0 0 0 3 0 1 0 0 0 1 0 0 1 0 0 0 0 1 0 1 0 0 0 0 1 0 0 0 1 0 0 0 0 0 0 0 0 0 0 1 0 0 0 0 0 0 0 0 1 1 0 0 0 0 1 0 0 2 1 1 0 0 3 1 0 0 0 0 0 1 0 0 0 0 0 1 0 0 0 0 0 0 0 0 0 0 0 0 0 0 1 0 0 0 0 0 0 0 0 0 0 0 2 0 0 0 0 0 1 0 0 0 0 0 0 0 0 0 0 0 1 0 0 0 0 0 0 0 0 0 0 1 0
2_103.jpg	2 0 0 0 0 0 0 0 0 0 0 0 2 2 0 0 0 0 0 1 3 0 0 1 0 0 0 0 1 0 0 0 1 0 2 0 0 1 0 0 0 0 0 0 0 1 0 0 1 0 0 0 0 0 0 0 0 0 0 0 0 0 0 0 0 0 1 0 0 0 4 1 0 0 0 0 0 0 0 0 0 0 0 0 0 0 0 0 0 0 1 0 0 0 0 0 1 0 0 0 0 1 0 0 0 0 0 0 0 0 0 0 0 0 0 0 2 0 0 0 0 0 0 2 2 0 1 0 1 2 0 0 0 0 0 0 4 0 0 0 0 0 0 0 0 0 0 1 0 2 0 0 2 1 0 0 0 0 0 0 0 0 0 0 0 0 2 0 0 0 0 0 0 0 0 2 0 1 1 0 0 0 0 1 0 0 0 0 0 0 0 0 0 0 0 0 0 4 2 0
